3.122096558084858260e-03
-4.925577106500563136e-03
-4.276903928967771412e-02
-1.322656801603906696e-02
1.562310752056199348e-02
3.485309772724340394e-02
1.862833597093652843e-02
2.011611890716364162e-02
2.263894503878150638e-02
5.034312785283855396e-01
2.024522042786544573e-02
5.013472761848934978e-01
4.961017730188628516e-02
-3.378289899605082386e-02
-1.488988746495339185e-03
3.826784797413502331e-02
-1.394445135823219224e-03
5.013833832475645957e-01
4.043165727229697942e-05
1.722747174063693834e-02
-1.249920526266809322e-02
3.822095366232084596e-02
-2.175925804119566154e-02
2.090301692142969986e-02
1.084573593095758837e-03
-2.878413667064044779e-02
2.663914047404952745e-02
8.981553720937524715e-03
-2.922442962373605208e-02
4.753143976630817141e-02
7.448360705035166757e-03
-5.490887593008439427e-02
3.135026641784441348e-02
1.589007584058322459e-02
5.079894218820786289e-01
5.016100338381243029e-01
-7.274328110338702802e-02
-1.546389719203041836e-02
4.422720034024356373e-02
-2.252647793240632884e-02
2.509920095014496824e-03
2.691440420310227746e-02
-3.168115424909625274e-03
1.039123450912410665e-02
-3.211793808060692257e-02
7.101954148326366546e-03
2.306052338447473968e-02
-1.651708447397358739e-02
-6.588689192046252863e-02
5.007723609874607795e-02
3.410625850761111327e-02
-2.630067243324873093e-03
-3.830961007957684600e-02
3.859663996631197691e-02
-1.615618832900351381e-02
1.229133561990819815e-02
1.639193949690276233e-03
-3.927408291054537010e-02
-4.679220088413844902e-02
-9.269998971909818031e-03
-1.022429875360698556e-02
1.531712371828209199e-02
-2.069523919763948186e-02
-2.294057774726230778e-02
2.322463806885434121e-02
4.128336108520827552e-02
-2.764851233295605518e-02
-3.127097672290784364e-02
6.575649425451489394e-04
-5.139778836562927666e-03
9.271472888717486108e-03
-3.019305147410050738e-02
-1.131714079150984882e-02
6.163913933720915894e-02
1.914374730122343077e-02
-3.027470339384038742e-02
1.549544764647570877e-02
-4.883549324849929124e-03
5.029567613968827233e-01
-5.038631371977199125e-01
-1.259975930678460844e-02
1.922788683933853576e-02
-4.150889174231151696e-03
-3.470580392412363213e-02
5.024682574223380271e-01
5.015973505172065527e-01
5.036320050520657343e-01
-2.455021298880115388e-02
3.446727465910561644e-02
-2.200256256015954009e-02
2.487814322288353294e-02
-3.324214663665350789e-02
7.362639110599404017e-04
-2.325987611981657904e-02
2.617238754737249290e-02
-1.164034975128602420e-02
3.385912351531486248e-03
-4.148168152355083405e-02
-3.673644455466378023e-02
-3.516442721622403678e-02
5.034835562252660823e-01
7.870489294715508552e-03
5.029085095925069915e-01
8.895996410500452839e-03
5.012452971442660221e-01
7.140095124185019855e-03
-2.201583035765974222e-02
1.818099225426888631e-03
-2.008703196239692776e-02
-1.540608103874178091e-02
1.704177612094196284e-02
-2.585962238082055442e-02
-1.943859993568560623e-02
-4.828315402937739115e-02
4.349099985496434825e-03
3.214530521259582191e-02
5.032568256329557066e-01
5.024335621532061147e-01
5.021590914576050668e-01
4.955332645524058999e-02
5.037864264004553450e-01
-3.123816791149006122e-02
5.057686904384857129e-01
1.199134854281163308e-03
5.028379326396410498e-01
-1.081959926657562882e-02
2.236296258678005522e-02
-3.031583664393178168e-02
5.009234138411822190e-01
1.241117860152912179e-02
-2.796221307555166527e-02
5.010260873264777981e-01
-1.861577989052765753e-02
7.199839072016996078e-03
-3.130257882203360542e-02
2.557650381236671253e-02
5.007128500466742071e-01
-2.721059360772859828e-02
-1.490174296573803202e-02
5.007627822169345988e-01
-5.030055707884086846e-01
-3.426847739038205859e-02
5.044082716229547625e-01
5.026512214935735523e-01
