1.758831066563016909e-01
4.718192652605490006e-02
-1.856981298127732827e-01
-2.361022929862159267e-02
-1.408921443930015727e-01
-8.918232189562419476e-03
-1.186425491315837299e-02
-1.963886307125974617e-01
9.514635291079701074e-02
-1.464039040956424120e-01
-3.527328694496926209e-01
1.733083606818443534e-01
-5.161340171793848963e-01
-6.067985737705271498e-01
7.581506211899943226e-01
7.224057625649744629e-01
9.812486431520430763e-01
-8.705703603054464335e-01
-2.042317697415722832e-01
-1.490391264034710561e-01
-8.695932440776210637e-04
-1.830735543121832232e-01
-1.818750411344672580e-01
-1.170421724960864635e-01
-3.452342210581236803e-01
-3.494501253928727347e-01
4.135729196279951392e-01
3.796106992868304719e-02
2.856325569627192751e-01
-6.808781827569351797e-02
2.320087288916101165e-01
2.386057066207109001e-01
9.610236082320894324e-03
3.787277563354831122e-01
-1.964025204957089987e-01
1.861222488380642748e-01
5.911099542997289014e-04
3.407897516358886492e-01
1.364413937065083599e-02
-1.129242577826325977e-01
-4.957873119278689567e-01
-2.282589984656971382e-01
-1.482375459085278346e-01
1.259736899063471915e-01
-3.856138809704810766e-02
-2.111906164478473957e-01
-3.413692936372379472e-01
1.487679705895613158e-01
-3.223986893730884651e-01
-3.251541742457936257e-01
2.947200463031349194e-02
1.208151967658221415e-01
-1.196586785845104722e-01
8.374055788305155568e-03
-2.561913771556826314e-01
-1.325716947606180307e-01
-1.961324883274992437e-01
7.982509746662247441e-02
1.075193273431216123e-01
1.939383668104914804e-01
3.721481250933826312e-01
1.826800699792471283e-01
-1.332734788113760227e-01
6.270078188838615341e-02
6.269961788081462872e-02
5.769881357118419873e-02
2.491596110640674211e-01
1.697685138026704676e-01
-2.201328102349867644e-01
7.003748111574831237e-01
-6.325326982880641324e-02
3.580859986258819738e-01
1.310539694731139848e-01
1.806279077771744956e-01
1.010809772513674432e-01
1.562317054832091656e-01
1.821080576857170841e-01
1.462746985496266028e-01
-1.993210366457345839e-02
3.173329728993060650e-01
8.308128528040972238e-01
-1.200756102324345154e-01
-5.290894085485912113e-01
8.676878608083462563e-01
-1.403034623593576724e-01
-8.497389394607740565e-01
-7.905183055075013510e-01
5.536444451650291976e-01
-1.684927096171578986e-01
2.223476918229221888e-01
2.163396727744471004e-01
-1.795655857442169864e-02
-4.933472678379896559e-02
4.788058945329064509e-01
-1.885738719859681445e-01
1.708704622100272741e-01
2.570042403481468951e-01
2.388202452914601481e-01
4.118698168619058797e-02
-3.370457072522239361e-01
2.285122015100150561e-01
5.062738896758383067e-01
1.803802429567313848e-01
-1.787525393480383085e-01
1.781438288945374204e-01
-1.206028192649881703e-01
4.727742737016406988e-02
1.139483589332937474e-02
2.118562822764849252e-01
1.595164068019824799e-02
-5.325089636756211164e-02
1.442137594391572630e-01
3.163944319637721492e-01
-1.083463557205509575e-01
-4.566573389445025555e-01
-5.845844505553202813e-03
1.088151276734225237e-01
-1.157458986164734693e-01
-1.693033159599541815e-01
-1.247285025902192535e-01
2.090429961457128394e-01
-1.414007717409390130e-01
2.046666596947163130e-01
1.629014428797465885e-01
-1.170600045309911630e-01
-3.402978732827705022e-02
-2.278780885435976733e-01
1.662734649043211832e-01
9.332322964580207214e-02
-6.475855633689933666e-02
-5.881849965536257996e-02
-1.105750999402878576e-01
-4.699191827142414069e-02
-3.090833601457039226e-01
-1.982252501293023106e-01
1.973174257203983428e-01
-2.019559352673458430e-02
-5.537537554864094269e-03
-1.265166330187912358e-01
-1.630911036960950300e-01
-8.299954284342020427e-03
-3.176655005976317114e-03
-2.753622701560392017e-01
1.615884274213094662e-03
