-3.920228690358249501e-01
1.034739295269828385e-01
3.596478875605667036e-01
-5.078666301339677114e-01
-3.441399282315749097e-01
-2.801228859711771824e-01
2.442701248564941863e-01
-9.696548568522950218e-03
-2.773002831999457629e-01
5.179421836778504984e-01
2.563511311079083588e-01
-9.093137852681190125e-01
6.570308143612646479e-01
5.741942966520767744e-01
4.994002443275463166e-01
2.701749534101001785e-02
3.635804046440784254e-01
1.593584485927064531e-01
-6.188041427245586368e-01
2.021470569212019952e-01
2.817004646036420090e-01
1.306013844263544665e-01
1.546340016054629229e-01
4.544527137435096509e-01
-7.756399900870987185e-01
-1.996470954038913614e-01
3.368250069498245347e-01
3.842702690790989473e-01
2.778076192467240357e-01
-1.251723397357526746e-01
-4.035912412482212108e-02
-2.957085628698168378e-01
4.990301388203726707e-01
4.970788663347416869e-01
-1.208454165979289813e-01
4.642362928786072929e-03
-4.787528918884046414e-01
1.817867063449847831e-01
9.105654615175319266e-01
-1.946205297697680692e-01
-9.171529110923709593e-02
-9.593466680923474765e-01
3.401243275182052050e-01
4.637052604186819860e-01
-4.090717393565370674e-01
2.061026289090257813e-01
-3.302387200917601406e-01
4.979735627560128441e-01
-5.703843931976311510e-02
2.303914330512152331e-02
5.767248932005700768e-01
-1.518700654948588191e-01
-1.217107345775160498e-02
9.413689440604178227e-01
5.222910262783814206e-02
8.554124585538918080e-01
2.882344290414636662e-02
5.490987166866806435e-01
1.460864075751939495e-01
-1.969678634104502224e-01
-1.391810704871198345e-01
-2.366403774657378778e-02
-6.612106240641417443e-02
-1.184788354766782015e-01
-1.808553868333371839e-01
-1.165296353662695489e-01
1.891747766281502985e-01
2.284055142857724097e-01
4.208557938700314277e-02
1.510792939891657805e-01
2.536487636768905429e-03
-2.815070656909776647e-01
-3.668745114723303002e-01
-1.675234233322187016e-01
9.405049757115719888e-01
-6.326053493873258216e-01
1.107128024390876958e-01
3.105491348213806901e-01
-2.236835836328452953e-01
1.627233730231959496e-01
4.728324115978910225e-02
9.624101157201718493e-02
5.486695047003209424e-01
-3.263495970809936475e-01
2.658408291480659491e-01
-2.120475650591387429e-01
1.352201531666149051e-02
-8.162389806573727702e-02
-1.150138497434339269e-01
-1.026202951949635317e-01
-4.056014378672299636e-01
-1.034517611279602844e-01
-2.094710621067866485e-01
9.231075320806600981e-01
9.926416467253382225e-03
-1.901023446708196285e-01
-9.153463732529024122e-03
-2.162801140759287033e-01
-2.362787085980350976e-01
-3.818546338607763380e-01
-3.845447585650069167e-01
-4.075593577474673213e-01
-1.537463847119752425e-01
3.126726370440499059e-01
-9.828760571416068903e-02
-1.394346707421479509e-02
2.004287091862493875e-01
1.147182964695203200e+00
-1.062727726099154668e-01
-4.763167638279809935e-01
2.980339422824446194e-01
-1.962317098316461450e-02
-7.121542506346825174e-01
-2.371009104026498837e-01
-2.592990466283012774e-01
-6.579961072025990454e-01
3.274477340878390597e-01
-6.730550074211583134e-01
-9.487554482695692570e-02
4.722701290387337769e-02
-5.201890463929956798e-01
1.173167199770305813e-01
6.947310362417893348e-01
-2.721592469556897154e-01
-5.070435778150128581e-02
4.278821952638973691e-01
7.039628789370864226e-01
1.416232117788431277e-01
-2.658356323094390739e-01
2.042095278464798602e-01
8.427693056448168352e-02
-7.206086041997853409e-01
6.534050417153774992e-01
-7.508554978634863764e-01
1.963672462747991232e-01
7.922520913113480223e-02
-1.165354204147154987e-01
4.957471783934809251e-01
-3.940224506539002913e-02
1.801708974849941247e-01
-6.438697666825032861e-03
8.427464110456828195e-02
1.713675371175517326e-01
4.243632200217202222e-01
-3.824942564737575657e-01
-1.033204273891921710e-01
3.501165227862376716e-01
-6.250560916499401376e-01
4.241781287557028213e-01
3.477965359162175085e-01
-1.740371775631021634e-01
-8.162920860442401949e-01
-1.143392156996941300e-01
-2.407227185566751249e-01
1.963715264657514559e-02
2.856011221881553652e-01
-2.326436177032364938e-02
-1.026288351594942250e-01
-4.325869810665293191e-01
3.392696740659717491e-01
3.144090928383304062e-01
-8.770954825330863625e-02
-2.194751803497667630e-01
-6.110720216408623839e-01
2.254248238833199136e-01
-1.878888061499791040e-01
-1.167095239784929073e-01
3.981058075991932843e-01
4.891393878878588231e-01
-2.225023364552285443e-01
1.117256136777989295e-01
1.808739745298196533e-01
-3.127571574716049851e-01
-9.511348953048670563e-03
-4.962622004493888461e-02
4.304308822008855451e-01
2.147004352563645913e-01
-4.486533669338128860e-02
1.650255510725814334e-01
1.237073327586950544e-01
4.376301145239637758e-01
3.537332295754451739e-01
-4.246294280875979599e-01
3.867892298116169525e-01
-3.728907428285772041e-01
1.870932697970043301e-01
-3.161348526290165273e-01
3.626411815523937210e-01
7.979463942517392994e-01
7.095603857717902585e-01
-1.468894689065814163e-01
-3.187257641897296434e-01
-4.365223452194025300e-02
1.642772273698143992e-02
1.672844733835702202e-01
-3.356113306701803412e-01
3.512423400916243610e-01
-1.425213927599465191e-01
2.186867240969744830e-02
3.814037989234382864e-01
9.597755363533821971e-01
-5.714073420484282462e-01
-9.836708332596585946e-02
-6.148277397531604765e-02
7.319928984097834324e-01
4.639963900273047503e-02
1.178013707635548746e-01
-4.633979706579376412e-01
1.718569090306540648e-01
-4.592453256408486895e-01
-9.769704049613301411e-01
-8.013773511178210462e-01
-1.295468463640074286e-01
4.407900764769878688e-02
1.625797465549680132e-01
4.474010783842428118e-01
7.294087419469297284e-01
1.062102139166860582e+00
7.056840633243272043e-02
-1.105396398386158330e+00
-5.668416790391170856e-01
-9.097198052619297204e-02
6.348685845691982577e-01
-1.891679719974710683e-02
4.595800362323042287e-02
1.616592326041597361e-01
-3.247982273548088994e-01
8.055832544951392338e-01
3.593322089560770927e-01
1.830995315747579177e-01
1.119820654359752199e+00
4.037218391395828720e-01
-1.459890910742567272e-02
-1.246961831978814078e-01
-1.646323392016013354e-01
8.757352015843083981e-02
5.638586354773916787e-02
-1.482681519893276900e-01
-1.980809559732239072e-02
1.151339353009541711e-01
2.279030123865743163e-01
1.039611975436954550e-01
3.960351954026084531e-01
8.381860602340831523e-01
1.229572000543508875e-01
8.000583714176039418e-01
8.286461497053692060e-01
1.120010187942827695e+00
9.178583627024041736e-01
5.511844732870216923e-01
-2.715362957046809078e-01
6.262904459964395709e-01
-3.758138475772752063e-01
-4.331853061544681527e-01
-5.658397367430237912e-01
4.523871804375254602e-01
-4.080132279110204596e-02
-6.536604018369421287e-02
5.063895433719530770e-01
-3.607834443202420638e-01
-1.766895428431063675e-01
-9.514326370912684627e-02
-4.907402235233199184e-02
1.080579691418069310e-01
9.269600048413592086e-01
-2.427207880486156877e-01
1.374500101106590488e-01
1.903793836916231885e-01
1.053023546072887062e-01
-2.509878118679731429e-01
2.978860950231789761e-01
-2.293293243405135629e-01
-5.823662282888368846e-01
-4.593998360444416784e-01
-7.996208206117372264e-01
5.404905296891531208e-01
5.404627630283587170e-02
-4.652072573791959931e-02
2.683682890808115618e-01
5.247792946516633972e-01
2.455966782196907783e-01
3.886713816189196202e-01
8.289121153049403001e-03
-1.969987791779325981e-01
4.722013151458389624e-01
3.838395071154268590e-01
-1.016357613636664631e-01
3.576435160736399221e-01
7.251140818816551592e-01
-6.912800168471742168e-01
8.265705047161009400e-01
4.427979412663403391e-02
1.067739386080040070e-01
-2.129849757735844396e-01
2.252391475758987460e-01
-5.870728091606751686e-01
8.320024311252141036e-01
3.968941414669662215e-01
6.101163190081680676e-02
-1.151443650346638814e-01
-1.478690421834155111e-01
-1.200656761211323920e-01
6.737410616131653818e-01
2.426717844479865660e-01
-1.422874755158092808e-01
7.859283608587500081e-02
-5.192520703458285425e-01
1.671408676948664129e-01
-1.803331425293952794e-01
-3.179930481385545571e-01
-6.025844492314255119e-01
2.837980250262161497e-01
-6.617960604671292435e-01
-3.779714464364051785e-01
-5.534270126409614188e-02
2.631507802650071004e-02
-2.118633908076227590e-01
-1.600252343602028837e-01
3.316676397467575033e-01
2.605808194264153110e-01
3.732279368964487309e-01
-1.068540118292549135e-03
-2.163086896040609386e-01
-1.224335809761877142e-01
3.940740031969928170e-01
2.972384095664677428e-01
2.564681344054447476e-01
5.646548372457640408e-01
-1.884594185535081456e-01
-2.189627565504064788e-01
2.559638251498343453e-01
5.619673707849820454e-01
-1.573890340587781322e-01
2.638620475873840743e-01
1.188195113365964339e-01
1.107522376801746561e-01
8.993155879413716747e-02
-2.673941047616717678e-02
-1.550201101334085230e-01
1.544735014558488440e-01
2.871444009173705347e-01
2.858566197410096210e-01
-1.010153038979120510e-01
-8.285559813296217158e-02
-3.888989959596805823e-01
-3.501484089172877123e-01
-3.680342930135617752e-01
-5.702552950768011719e-01
-3.767252720985980741e-01
-7.523838737564078061e-01
-1.445953654014204282e-01
-2.886318863281560620e-01
3.487074244445612092e-01
2.922978724630894698e-01
-3.650392356567386809e-01
1.267956830720474992e-01
1.000460660024971027e-01
6.056220825947003505e-02
-1.142046319251822928e-01
1.222032530920766358e-01
