-5.771527661745975285e-02
3.586286631640890621e-02
1.964280387649172954e-01
-8.870901557294610940e-02
2.359913313568976490e-01
3.969215955726149714e-01
-2.542511296236384943e-01
-1.503680701426437782e-01
5.976958197078261481e-01
-4.508349142716781832e-02
6.635393999705403445e-01
-6.594539663306954458e-02
8.225049895242267928e-01
3.205638096701318718e-01
6.152517398858947661e-01
6.079806042856295001e-03
5.674283699945641413e-01
-5.072157967725990368e-02
-5.817976802728566654e-02
2.440512115776329594e-01
-2.054191808702333089e-01
-1.868159584899166670e-01
-8.431325970757369559e-02
1.432501750661105411e-02
2.031515982966204670e-02
1.188107833797460849e-01
-6.893148122655651244e-01
-1.074500676168181901e-01
1.103868183534792158e-01
7.363180492950424094e-01
2.541434163545230329e-01
7.839017849956474160e-02
-1.736267959756448431e-01
3.487159080670347855e-01
-1.427184356245739805e-01
1.913722073575628568e-02
1.718493276797430913e-02
6.156765669173280831e-03
8.431200923278933113e-01
6.762761913246705114e-02
-2.289749395790998884e-02
-2.404184286180192642e-01
5.876839445637105364e-02
1.189183669436282009e-01
3.684974260460609913e-02
7.415027248409006289e-01
1.686760735543652578e-01
-1.593783262759569386e-01
-7.149095564576166129e-02
-6.215583349594823448e-02
5.197859737392791779e-02
-4.981508621281022925e-02
2.577929266513350193e-01
9.219596010975529277e-01
1.890201097566839572e-01
5.707183005878420090e-01
7.178460268939415023e-01
-1.890392359133904743e-01
6.474185012099765990e-04
-3.871593947349938336e-01
-1.511215781502895511e-02
-3.266931726912247758e-01
-6.271163815725261381e-02
5.088783797516759355e-01
1.399584735338605390e-01
1.081073855620822560e-01
9.726642015923636642e-02
3.156363543244147252e-01
-3.964915641096677379e-01
3.560339795014130088e-02
-9.468382433955987998e-02
-1.032696555694101737e-01
-1.315528906010418608e-01
4.742717985749884957e-02
-8.995704813182481274e-01
4.471448200888607921e-02
1.611224050661830276e-01
-5.160801269212074160e-01
1.760840569896446328e-01
-3.611241010663793216e-01
1.218042708324038881e-01
3.361177468215180431e-02
-5.130065308790351247e-02
3.301733683696990718e-01
-1.479828374753797415e-01
1.049682733988380884e-02
-1.574686372054199257e-01
-1.673060079907019160e-01
-2.769402825864540896e-01
6.246666296079474989e-01
-1.554472808166903197e-01
4.452637110323617864e-01
-3.901206586880846539e-01
-1.786223857949293878e-02
2.217284434912725199e-01
-3.800242644777577783e-01
2.928859139828395852e-01
-1.645376962492330064e-02
-1.723620704095892853e-01
7.508872458910902103e-03
1.252534256518751665e-02
4.338657375298686503e-02
3.365144126003107722e-02
7.396782638104926200e-02
-2.645965540402103189e-01
7.855742355918486630e-02
1.387719121900911623e-01
-1.400670171008586706e-01
3.696466780730163493e-02
1.964496579820104727e-01
2.802535623013155397e-01
1.058041096893393290e-01
1.591049595325339239e-01
5.066945276011114441e-01
1.040924157926423205e-01
2.585557233268150346e-01
3.626164044300942413e-01
-3.290449429363259681e-02
1.455165693926149806e-01
-3.225678278980631530e-02
8.388322220480283475e-03
-3.521492991036402342e-01
-1.437593269057405310e-01
1.803639308982100953e-02
1.089942194825233579e-01
3.910869136935368751e-02
4.871801624708008149e-02
9.179850309781208140e-02
-9.909409364472729354e-02
-1.387429607242973706e-01
1.390801515645875008e-01
-1.471524649291755804e-01
3.314746889503501076e-02
-9.791436899441952058e-03
2.031642787487869251e-01
3.523948844682107673e-01
2.714741400693747586e-01
-1.307892039660071004e-01
-1.003819130431195111e-01
3.843529508730542110e-02
-6.927846721135375030e-02
-1.003723386958139605e-02
-4.766322728674703135e-02
4.394533499311981117e-02
