-1.278950066751139314e+00
-9.123446126573375725e-01
-1.062913566651685071e-01
-2.452493220200536506e+00
-1.202228663478457360e+00
1.436142237056843962e+00
-2.599100968298648340e+00
-3.253895410151770862e-01
-3.094162409979955841e-02
3.846367162924443361e-01
1.897027131645081077e+00
-9.807532849760336457e-01
1.538996145283241690e+00
2.320720818370380911e+00
4.257913329368501199e-01
4.752292818420150722e-01
4.790583966615266087e-01
-3.083334185795122417e-03
-2.010077400561701033e+00
1.097617985959211673e-01
1.676222828939021525e+00
-1.713676419941557949e+00
-5.513673791967084181e-01
-4.193485691254728032e-01
-3.646236830785587468e-01
-3.329371734456854082e-03
5.116744698178394835e-01
7.074492663450659968e-01
1.083680360994669911e+00
1.758503535210282354e-01
-3.900298475331074877e-01
-3.333791699133130670e-01
1.178719513888124792e+00
1.205892562128595857e+00
-1.126720458542948666e+00
1.834539988608173910e+00
-1.382761375763963407e+00
9.343301038155961136e-01
-1.152856863167796231e+00
1.727235735546705175e+00
-2.647211242491527727e+00
1.356274688546039719e-01
-2.132049243359861457e+00
5.883059434587090651e-03
4.477760078859943649e-03
-4.415719922813974296e-01
-1.551979759403576409e-01
-4.533611080219865364e-01
2.043993809184184940e+00
1.441579958827246655e+00
-1.613082126670269401e-01
2.369767309301467617e-01
-3.878718328879716459e+00
-2.312037706923362190e-01
-1.210537217206356431e+00
-9.995693701942005571e-01
1.912681215595809281e+00
-1.456516509857842756e+00
-3.004232146708105677e-01
8.661305820868214767e-01
-4.578078429438945385e-01
-2.480017727347380685e+00
5.842977107873845721e-01
-2.416364925817877651e-01
-2.042615195918001669e-01
1.407323613211302282e+00
5.371160628267888093e-01
-1.867579101703373823e-01
2.110062750421297650e+00
-1.948369683538000996e-02
3.237706522049316749e-01
1.870052985044106331e+00
4.212458266807349028e-01
-8.240345232931781116e-02
6.024340575307352008e-01
1.593565695686715439e-02
7.012186307130999774e-01
-1.170671644078235429e+00
-2.311363102984841378e-01
-1.406773494991465645e-01
6.324108094291794324e-02
2.024999272988488030e+00
2.266605160161508925e-01
2.116538070713743114e+00
2.957041008520769232e+00
2.037302391268259516e+00
2.832905147410585300e+00
1.402206226127634014e+00
1.139205021023639741e+00
2.524748897369398115e+00
7.946993212352343461e-02
2.403256062818170946e+00
1.639499618659872926e+00
1.724260723144946938e-01
1.944507662232883849e-01
-1.144748944370084898e+00
-2.404275300998803822e+00
3.622409212600632422e-01
1.815790118963410693e-01
1.539392678021500038e-01
1.004334806176160333e+00
6.802987585243981394e-01
-4.114909575583661216e-01
-5.626138291120942325e-01
-1.214281128082837391e+00
-4.851034400079209385e-01
9.494865725488058628e-01
5.159355168317625306e-01
-9.757488535676283048e-01
-3.076305547157147102e-01
-1.349163282761531857e+00
2.239596394589155715e+00
-1.484332332658519493e-02
2.044263272834000222e+00
7.457966267012212935e-02
3.988368939314117512e-01
-1.882993966072245895e+00
-1.555003579923623480e+00
1.638376915060947958e+00
-1.763430070884974388e+00
3.243011323506082566e-01
6.108406762734504003e-01
4.704964093165932559e-01
-9.897117300049975697e-01
-1.980504070201472233e+00
4.483423888293656123e-01
-1.697618770793337117e-01
-2.374602895719779561e+00
9.736299474809736454e-01
-2.945666290938006027e-01
1.075892669311347138e-02
1.861777089183585421e+00
2.495108778871824307e-01
3.603246190648634051e-01
-2.708359463494496855e-01
3.815232853666619128e-01
-4.654779069911367806e-01
2.090497611521124011e+00
1.029875686879995422e+00
-1.446577853368092859e+00
8.197228668223019987e-01
-1.140933224927444201e+00
1.307780772081987175e+00
2.824596033595951017e+00
-1.736431919523392653e-01
7.250457758377751860e-01
2.892616943614996772e-01
7.961523258047584761e-01
1.520435445257213303e+00
1.759033992433572058e+00
-3.054678087008654841e-01
4.488665253451279424e-01
-4.712884589299702887e-01
5.520317630563146283e-01
9.217829506643395732e-01
2.744594787761871491e+00
8.946712673182155573e-01
-2.024086109206853834e+00
4.341612514906088571e-01
4.916250927380887981e-01
-1.459906352853067357e+00
-2.399620077948254160e+00
-6.388841414662307372e-01
1.102103309875350767e-01
-3.405970756387768916e-02
2.832572004834539303e-01
-9.324774439364630352e-01
1.394785178418086746e-01
-1.336407584954234951e+00
3.716160125779590095e-01
-1.052461313909975216e+00
1.499055103707011671e+00
1.761508998548646510e-01
1.260935778278799324e+00
2.527295470547201162e-01
2.188323668744170281e+00
6.819996583723231254e-03
-1.531386937163172313e+00
1.967627336525506476e-01
5.391630900235483415e-01
-3.248295326912103986e-01
1.275042741442611094e+00
-1.582860182205916733e+00
1.694513572641933863e-01
-5.981937351964752292e-01
-1.075967335750908083e-01
1.554257002333843785e+00
-1.975021049238324111e-01
1.198908525561561911e+00
1.443261521068236686e+00
4.508858308185135777e-01
7.584999155919814884e-01
-7.689832788782979822e-01
-2.713051952283745960e-01
2.261818814753758233e-01
-7.925399389573933862e-02
2.320039954033012108e+00
-4.479767984742033526e-03
1.254032161132197398e+00
3.062825570375118933e-02
-1.048093144234435226e+00
2.007544158804611456e+00
-3.666196655727071430e-01
2.416938507469951203e-01
6.018036894539920134e-02
4.280436615290230118e-01
-5.607565684608384338e-01
2.732773204445482218e+00
-7.358725686083719131e-01
1.521259890142904192e+00
-3.140705690570168684e+00
-1.555891834794422390e+00
-1.281189763916838587e+00
3.250719675016355836e-02
-1.055823624866751437e-01
-4.189836597295111265e-01
-3.917659982371434202e-01
-2.685745343240974137e+00
9.577499160099439690e-01
-7.693332034815608678e-01
4.629472481590312660e-01
7.260197665647559750e-01
4.457379121233184804e-01
7.885611435761334942e-01
-1.997136587225837590e-01
-7.209111259817222450e-01
-8.487360619719336308e-01
-2.210620178794543700e-01
1.494323046126220245e+00
4.569514980679415528e-01
6.542366639846035614e-01
1.603005352643605885e+00
-1.514045339239172616e+00
1.395525990097161939e+00
2.801052413927505591e-01
-9.832317740056354394e-01
9.409053042775551434e-01
-1.149282939240418466e+00
-7.502872685457315782e-01
3.598178114879234668e-01
1.210978676076517324e-01
3.197386678132081439e-01
5.256269513161526685e-02
-1.203407652359416824e+00
-1.328879512942601426e+00
1.820021472731037093e+00
1.581742036992722422e+00
-9.828258019663738132e-01
1.463154886203085869e+00
-9.274530265107179261e-01
-2.244085959208864001e+00
5.509110785011209765e-01
-1.954732683761450485e+00
2.127257716981001412e-02
-8.859153170412756850e-01
1.685913144064740354e+00
7.667285689386704739e-02
-2.807119784658672623e-01
6.144353739595618258e-01
-2.687390046788926123e-01
6.738793413542015776e-02
1.026308306266165538e+00
1.851010358548114798e+00
-9.158073281932772591e-01
2.069662043950397212e+00
1.456245964790731373e-01
6.625533519759853052e-01
1.836378125663715499e+00
-2.700973001112153771e+00
1.442392356843931633e+00
-3.939537042323850713e-01
-1.566464676148061175e+00
2.052497431312019782e-01
4.330694756264900913e-02
-1.579828908673295729e+00
-3.775005405223603727e-01
2.893229324581580109e+00
1.210391836771217866e+00
4.766701765020671111e-01
-2.914190326447940182e-01
-4.533288654609274881e-01
-1.762575812743652492e-02
3.770717484698477229e+00
-1.173398842719284518e+00
1.923864719259946066e+00
1.079503086170304105e+00
-3.987942838510638022e-01
3.413522630328985619e-01
-1.409193386802127357e+00
-1.553820102790388624e+00
-1.190592033336273836e+00
9.578971184103379777e-01
-1.293702470978940644e+00
-1.049865896420431460e-02
2.406388823884418660e+00
-1.073999607174070947e+00
-4.162963773536332290e-01
-2.028655018714977221e+00
2.349271239223122976e-01
1.237306423210500883e+00
1.302943512081023547e+00
7.061885588860039586e-01
6.002807884638095004e-01
-7.217195204124329799e-02
-1.095241490490198810e+00
-1.613903068918727257e+00
-3.017593279669379958e-01
-4.097311255059051804e-01
-2.954678606168016919e-01
7.810698330415397628e-01
1.631435916476732029e+00
8.082511919694415625e-02
-6.054214939470649037e-01
-7.292191724834963251e-01
-1.466419106784512927e+00
5.611151793996332904e-01
2.894516252661589739e-01
7.900765254031236751e-01
2.080183725895042191e+00
-6.663159688354605148e-01
-1.642196281596751017e+00
-1.640738437578525888e+00
-3.688098851493870622e-01
-2.321244464988900802e+00
-2.749388654322323378e-01
1.285883333500832393e+00
-1.620241992088042871e+00
-1.179728935631610742e+00
-1.380109266091644749e-01
-5.235463811164750014e-01
4.465313466829706757e-02
2.041911462949844491e+00
1.228277653142684445e+00
-3.061595305339469775e+00
-9.923251629312336286e-01
5.591280251875332397e-01
-1.344806113495748967e-01
-1.392644804100813927e+00
1.777546122607842616e-01
1.193426260695753083e+00
-2.877155613111842314e+00
-1.459888616323017585e+00
7.154799659517886434e-01
-2.809680581274014988e-01
-9.202148973974033641e-01
7.001710839976080791e-01
-8.709115059855276897e-01
-5.252296910340681357e-01
-1.425336256848547034e+00
4.723625134528854075e-02
2.973104963186269600e+00
7.466768429453574107e-01
-2.009265893023027605e+00
9.596011455796847889e-01
3.940368037060749673e-01
1.083322557171558564e+00
-1.366103627066528770e+00
-6.539442866974247703e-01
-6.977991955530299384e-02
5.137415370993262398e-01
9.871426035050959169e-02
8.316598527758105597e-01
-3.298921135961977447e-01
8.269458547282938776e-02
1.266852371376728126e+00
1.933281217682853437e-01
8.573718448238719647e-01
3.689569493993581917e-01
-9.559870353327172554e-02
1.397314345246789768e+00
2.315518015905823290e+00
1.521960921613105588e+00
-3.125445246933457044e-01
-3.038854844220005846e-01
6.748986711065536603e-01
-4.868863617425913670e-01
-3.435077773228195630e-01
1.623314806986288827e+00
1.688875159402627668e+00
-7.879558169529365941e-02
-3.376034683128393832e-01
-1.004202586141150100e+00
-5.823625545447839169e-01
-2.620325010846777047e+00
5.950773563796093318e-02
5.147543942821184437e-01
1.069073506432189236e+00
2.902209158928912736e+00
-3.070531022646832309e+00
9.754365992920279727e-01
1.041024456300379430e+00
-1.309964670311580148e+00
1.718299681026479675e+00
8.085042739444310289e-01
-7.184644386525975701e-01
1.274715776350617169e+00
3.209962013413051318e-01
-4.482543021970292196e-03
-1.549474094584889050e+00
-1.712025587506174062e+00
4.655255329611416859e-01
-9.601529072286410504e-03
-6.273913350502313691e-03
-3.064877000961812925e+00
-1.159000989090780420e+00
-1.446885220762358593e+00
2.611910041380485659e+00
7.039943199709493005e-01
-1.922651163107270911e+00
-4.683462261918711622e-01
-1.924268025961193729e+00
-2.072718235701086265e+00
-2.642992741790753275e+00
-1.365027489378255465e+00
6.036790911935700776e-03
-2.160706635937879594e-01
4.963231559789513248e-02
1.606314558654495794e-01
3.009294884187813657e-01
-1.954121954094418523e-01
-2.638416000634322689e-01
-1.909938310829812358e-01
1.269218505666558361e-02
1.821973080887158369e+00
-6.217969176005737619e-01
1.157195626440007619e+00
2.682284126575190442e+00
2.142334088579356255e+00
1.895002383886982278e+00
1.185484655224026129e+00
-4.105223707982494363e-01
1.672325294997480283e+00
-8.291474482763108722e-02
-2.508607700811884555e+00
5.317840534301128130e-01
-1.641988198338019789e+00
-3.894160198227316627e-01
-1.523225312177018398e-01
-1.697417972292131871e+00
6.346065263704716575e-01
-1.085828275474041593e+00
3.010093062131612429e-01
6.165271211733046597e-01
8.037055308158428391e-01
1.114539934009960431e+00
7.108336701048867390e-01
2.680169961742709273e+00
-3.017384555692531611e-01
2.288627812181283083e+00
1.689243476575017722e+00
6.149698560585122875e-01
6.225673019170672173e-01
-3.453929130843030881e-01
-1.115400343315637588e-01
3.412008059482939615e+00
-4.418147103200327219e-01
-6.166275313077933529e-01
-1.049616404656263935e+00
-1.220959642599098283e+00
-7.257705336866020485e-01
1.044116237296240257e+00
-2.080143388353732803e+00
-6.124038533297243569e-02
-5.076985621853001840e-01
5.619716959333386219e-01
-4.564253783399123687e-01
-8.897338959988204676e-01
-5.823079462398934592e-01
-1.267131933401399069e+00
2.847864596259104819e-01
9.132908522669159757e-01
2.270831235676540327e-01
1.387988119560435329e+00
3.795140497687339853e-01
1.668377038075034902e+00
-1.532775792313775698e+00
-1.293262561377196862e+00
-1.077594060496402051e+00
-1.851635177926153730e+00
6.747394246266731344e-01
9.519823190242162614e-01
1.236564795411730699e+00
-6.267441950162136455e-02
7.736304800318231090e-01
-9.603564380337008266e-02
2.421446746432995845e+00
5.274272043146367439e-01
-4.323164352106240171e-01
-2.785570312927789782e-01
-5.416195774432951415e-01
-1.280017158468939709e+00
3.485201156047823545e-01
9.477393987528350827e-01
1.860982877807010327e-02
1.999225011082118808e+00
-6.941281868655031495e-01
-1.723587103829211875e+00
-4.140255588162641831e-01
-5.086267759228206842e-01
-5.899185971522661331e-01
3.445826050477617808e-01
-8.969187878015816295e-01
-1.252123235282983860e+00
1.935827512273952555e+00
7.156227471215359515e-01
2.480755126967881807e+00
2.284724070211860136e-01
1.451893609660971363e+00
2.900635120187916582e-01
3.010481128943148232e-01
2.818186147598066849e-01
-5.153834253379634411e-01
-2.590112822294652783e+00
3.969213898691100750e-01
6.142885038755490079e-01
1.433467251111688379e+00
-1.115054890940363475e+00
1.997513946024722653e+00
-1.233917062086772765e+00
1.472532872540903037e+00
-1.410691262834024573e-01
3.338682663750016655e-01
2.371160769878230212e+00
-7.374942220950954086e-01
-1.778717775876542673e-01
1.679936451429595856e-01
1.276583125128039953e+00
-5.619342465478454063e-01
-1.631286176408340616e+00
2.009961289527065098e+00
-1.995441866621503191e-01
2.229373886069594413e+00
-2.095564096224926676e-01
-6.352296425205852248e-01
1.384561425407386137e+00
2.874268455816653689e-01
-7.771402589567333319e-01
-2.250484126940198504e+00
5.846112790502136503e-02
2.645080486324620228e+00
