-3.565749664465166502e-01
-4.505282196244780879e-01
1.127549915545821430e-01
-6.363435034797866596e-02
-1.863384755171924589e-01
8.190061979812188198e-02
-1.712920954736543155e-01
1.066532560345389846e-01
1.971124504466056360e-01
6.219136475184271484e-01
2.286785213343080214e-02
6.363074683276744858e-01
4.358479569682061627e-01
8.400634631850623091e-01
-2.319382914253033112e-01
6.060696935141729469e-02
-3.824052807075779548e-01
5.760033885509808771e-01
-1.983096065069830244e-02
1.517260530959668730e-01
-4.773347300151488393e-02
4.926768295409357512e-02
5.102343199610448465e-02
-2.058058110226796966e-01
-7.631870022755321559e-01
1.054175182210608464e+00
-1.551456818896108092e-01
-4.176540302803368743e-01
-1.047645546556628116e-01
3.850455998582758554e-01
8.710674542927271391e-01
8.496249981450275657e-01
5.456965481518110117e-01
1.658453743438916272e-01
-5.509527770085993065e-02
-2.442553306815633540e-01
-8.105629290601056025e-02
1.033287724699080423e-01
-1.948709386944986466e-01
1.936798916225535017e-01
-2.070686201938849169e-01
6.715799383838672032e-02
-6.986477532710716476e-02
1.699504769163144302e-01
2.938242831263481181e-01
8.765412148389016556e-02
6.415447524587526429e-01
-2.699379889735278870e-01
7.797617940639381962e-01
-5.567453204127342792e-02
4.650916007398064322e-01
-1.800045663131671081e-01
6.708952666780207963e-01
1.023988034285130189e+00
4.625293335406474027e-01
-3.322741783849181285e-02
1.681788688482498684e-01
-6.515962776388384281e-01
1.913697908550451854e-01
-6.869779802590273432e-01
5.578916268803579825e-01
-1.724829439097239625e-01
-2.283602439213722468e-01
-2.507291138514647355e-02
-8.554112651318965255e-02
-3.624428852528636669e-01
3.594769957784700321e-01
-2.179411126527446285e-01
-1.645583927412568315e-01
-7.977763028629358821e-02
2.774448556149640144e-01
2.058979426923002731e-01
-3.732185949769640798e-01
3.157121959085106289e-01
-7.881531404356001413e-02
-5.750410637361420552e-01
-4.396348282903896898e-01
1.036563937612514363e-01
1.234460335872472614e-01
-3.887896249867209830e-01
4.005470296888892223e-01
3.026175288328769586e-02
-1.499140582430322222e-02
9.113454259702807869e-02
3.216419442129165862e-01
-1.897102569595754129e-01
-1.693750616850420165e-01
-2.411375071479313625e-01
3.117509050327227360e-01
-3.519687616925166410e-03
-4.387683500042854901e-01
1.337275116683151743e-01
7.750809722072914409e-01
-2.330635381725226218e-01
-1.210869696793078487e-01
1.865789817551672669e-01
-1.683484444127547330e-01
4.991885012401767879e-02
7.062307760970912285e-02
-1.669455020884113017e-01
1.963073861972651768e-01
1.381973867906637066e-01
-1.290307820915323478e-01
5.567086721804137550e-01
-4.852049694966292792e-01
-1.720045401380947414e-01
2.590023799400431592e-01
8.466696923036293176e-02
-2.525866548792898292e-01
2.798830684502938704e-01
-5.633024524153439350e-01
-1.765513432644064129e-01
-6.294672306420705243e-02
-6.560476970262463237e-01
-4.286069566686610127e-02
1.536977329351382204e-01
-1.315710791392382673e-02
-9.562060494891401474e-02
1.422192247347019434e-01
1.054022258141845692e-01
-3.226219473927519621e-01
2.752285319614282133e-01
-1.669269669855277805e-02
-9.272904200692767829e-02
-5.092727018627787872e-02
-2.550279719148146884e-01
-1.196386366292132020e-01
1.433178048965182416e-01
-7.464610849637173251e-01
-4.934750009824688533e-02
-7.104689369164604584e-02
-2.978792809486983592e-02
1.580406811996842159e-02
7.907164387677984019e-02
2.661794662046593901e-02
-4.880374756579040074e-01
7.691228382715351586e-01
2.919130708377133399e-01
-2.592403419002495824e-01
-3.027929679080219039e-01
-1.982843626268298576e-01
4.779804990332514603e-02
9.911688483306668740e-01
6.762330505692295546e-01
4.582734875075107628e-02
8.850587442111252923e-01
2.763966346059796297e-01
2.033839232907704020e-02
8.133385918605716691e-01
6.234054292290328037e-02
1.538927337536815654e-01
-8.122056218841563480e-01
1.594227658229826483e-01
2.160525371029150404e-02
4.807249345483033398e-02
7.377421040253390183e-01
-3.375395340199954797e-02
3.352791640781753735e-01
8.141114644358096175e-01
-2.022423543160202231e-01
1.090592772615952832e-01
5.022865461934605813e-02
-7.338902354852799848e-01
-5.693536716559006727e-01
-7.360761821128010141e-01
-1.022581531617305084e-01
1.612458996782220877e-01
-1.173089495470669985e-01
6.850391809782703234e-01
2.304984254717740155e-01
-2.560639513633340414e-01
-7.195650109997633881e-02
4.919906081935130349e-01
-2.182870714446090710e-01
2.905564623113804923e-01
2.708141746281378381e-01
-5.834166198158603767e-02
-5.982597459314509258e-03
-3.643065510018606012e-01
-7.310801522283347231e-02
-8.161000096621592870e-02
2.564927077913705666e-01
-4.067405422304821161e-01
1.298789166144118379e-01
8.677755025637701181e-01
3.249981006704552589e-02
-2.014635637676786273e-01
-6.093542149361668575e-02
-4.769492506994207348e-01
-3.289517834958151088e-01
7.899730129444501592e-02
1.184911422811090465e-01
3.242185714614966019e-02
-1.372638550614096176e-01
-5.258855255478031010e-01
-8.606033692395829160e-01
2.759058099655165575e-01
-1.908670388210773894e-01
-2.590123887358770638e-01
-2.244064993200506342e-01
6.902480389729952204e-03
1.810730096656777699e-02
-1.348846762294575730e-01
1.866475801722232153e-01
7.198516013196022689e-02
1.593771963092347477e-01
-7.225702904757501654e-01
9.409835306987340831e-01
1.043331628561044555e+00
-5.462375826216932934e-02
9.625945846902751457e-01
8.214581958635602810e-02
8.776290542221630853e-01
-8.797513790373007181e-01
7.367195826900408973e-01
-8.866951798271385243e-01
-4.649949957404224121e-01
-5.544158402812187081e-01
-8.489338603850919707e-03
1.373799172656852419e-01
-2.070624118777445455e-01
-3.358993897979283272e-01
-2.546056711642083470e-01
-5.524345152137714043e-01
-5.756014838894079055e-01
-2.210362511844715105e-01
6.364451667379645849e-01
-8.267759815236241927e-02
2.788172218866100671e-01
-7.196471714811041032e-02
-1.430353062657031826e-02
-1.352005588904823530e-01
-6.221216069928182935e-02
-2.381218787076768151e-01
1.150443813483559286e-03
1.774833557429741915e-01
1.381350614585083458e-02
-1.204277760475747083e-01
2.571999671803067850e-02
3.533131490426800747e-01
1.278821346740233733e-01
-1.171567623990882878e-01
-5.496091067718692630e-02
-2.513113469273157152e-01
1.557847481857448091e-02
-3.076349227060947156e-01
4.265701104096089047e-01
-7.482026471119167244e-02
1.064536774145760756e+00
1.315913347719009641e-02
7.063132859794641893e-01
2.796279250267349470e-01
-2.077024252015565176e-01
-3.514824463080934436e-03
-5.168184467442438201e-03
-4.981015086734497666e-01
-1.056562300239622526e-01
1.399701880379263241e-01
-2.425052078276152545e-01
4.935379688324280367e-02
3.330180948921196427e-01
1.790095721232511441e-02
1.293065518298855132e-01
3.874429143313116303e-02
9.724379206579564228e-02
-5.988639184943514437e-02
2.234663164252975731e-01
-2.496071836845433212e-01
4.006697783833689797e-01
-8.628914384392452619e-02
