-4.411624333960826455e-02
-1.012554983637549005e-01
-1.276087354240094951e-02
-1.386037363516511300e-01
2.085201062851613565e-02
8.715768373728276230e-02
-1.024977415615956622e-01
-5.283507773242088201e-04
1.385988429823057852e-02
7.327746776590308986e-03
5.019389867695189800e-01
-9.114256239862606607e-03
5.402664882410751490e-01
2.394080570916533313e-02
5.266155849810472134e-01
9.337090776801081071e-02
5.245290033971647947e-01
4.677857667044387630e-02
8.409940728701700841e-03
3.052413927844802727e-02
5.213200992153942392e-01
8.734841191954945128e-02
1.062096087257189403e-01
-9.894392689514353023e-02
8.246778162901580167e-02
6.652008170218272343e-02
-3.287605085320674525e-02
5.117675253220828058e-01
5.967687486684102038e-02
4.470165108281743543e-02
1.910230675579967924e-02
-1.857279998892943929e-02
-3.107283770740975476e-02
-8.111241333061815911e-03
1.089103504789348947e-01
5.495639562543628287e-01
1.135512809777461662e-01
7.799312323591281459e-02
2.416926298450212257e-03
-1.038413982245663669e-01
-1.388160732509499673e-01
-1.704194143556392316e-02
5.170462566736157006e-01
-5.321764851908676597e-02
-4.584668005277681840e-02
5.279793907569617639e-01
-4.543649224490192012e-02
-4.941155079715425780e-02
4.003304962314872817e-03
-4.672471972481363756e-03
-4.863093216419567266e-02
-1.385256541860808294e-02
1.649281525029904286e-02
2.039576375401391806e-02
3.397422138651080142e-02
5.972230354533155511e-02
-7.908800487231786025e-02
9.232957858882066826e-02
-7.195731241383837573e-02
1.817182702356946733e-02
2.547191412862304799e-02
-3.538137175092666287e-03
1.387044461942286283e-02
9.603966454509864359e-02
2.116223211148411318e-02
-1.361682881269061021e-02
-2.799341057604202987e-04
-3.274198687485654902e-02
4.937231705023374662e-02
-1.088642982858230995e-01
1.916812696723059137e-02
3.121856230565194998e-02
-5.279176924631215906e-01
1.278368820603637546e-01
4.713504758810606321e-02
6.207650146757500570e-02
-4.318439124014746000e-02
3.645981471681127017e-02
6.133492751707069618e-02
1.633847459526684143e-01
-4.038467037995987358e-02
1.103674748471493439e-01
4.324022459537617269e-02
6.297048545762878868e-01
-2.679756476077545940e-02
1.656136854383534127e-02
-8.607194921424422829e-02
-3.838966032866273498e-02
4.546375386350749032e-02
-9.473489435013511539e-02
