1.139444017192869363e-01
-3.359527290935828553e-02
8.698208037983340413e-02
3.159455814650745376e-02
-3.430823004366378992e-02
-1.095746526531325982e-01
1.688428205568489604e-01
6.787890044649314003e-02
1.451977191600847539e-01
-2.333544986737559335e-01
3.347726978538306253e-01
-9.572193541600079736e-02
5.981510205775707467e-01
-2.283101686955538723e-01
6.419413610525287472e-01
1.103634721704724320e-01
4.374368496705476339e-01
-3.121216686680594599e-02
-7.453971232432576866e-02
1.094297475115570545e-01
-8.747976676874716362e-02
1.202343489892285788e-01
1.990268781050515134e-02
-3.054384598479942259e-01
-6.234579638479410546e-01
7.586501403645555808e-01
3.370406096840890542e-01
2.890006275012712567e-01
-2.251683874519899986e-01
2.793725153329826849e-01
9.936964216178707787e-02
-2.086541399277810904e-02
2.189489661156350242e-01
-8.473179137924034821e-02
1.153094909212142027e-01
7.497573159152639555e-01
1.805065661861341916e-02
-2.381089386047682555e-01
-2.398549592551234011e-01
1.849118791029210063e-01
1.696171491445694623e-01
6.868686497533240676e-01
1.573516785859940259e-01
8.540905895717604279e-02
6.082200095301102533e-02
9.092356240756108154e-02
1.770680333653379401e-01
1.185487684740872683e-01
6.878012028691733448e-01
2.191606425802884728e-01
1.931031072401794280e-01
4.952697946786115135e-02
1.273293930342140889e-01
5.804808291233939932e-02
-1.072602548317280191e-01
-1.580414979098876127e-01
1.957617870413594363e-01
1.932855240610889258e-01
-6.535347444808903283e-02
-5.178526006153029160e-01
1.494086849169070919e-01
3.110668519640036322e-01
-1.460869171408965828e-01
4.251650668047625703e-01
9.704269739990384336e-02
-6.911398650012406941e-02
-3.470076639586836542e-01
-6.003957996432386368e-01
-1.581638607961494691e-01
-3.184587891681688876e-01
-2.448857596954332194e-01
-2.046821228624184086e-01
5.586175641740546982e-02
-5.115897552945963128e-02
-2.403632891039740871e-01
3.707734610949998677e-01
-2.067136642777392952e-01
3.017077619461791538e-01
-2.181335468506485908e-02
5.514306118458755374e-02
2.786460402062540531e-02
-6.534271656764861769e-02
2.300556413000848788e-01
1.237945483325139651e-01
-8.728745349560219913e-02
4.173084028357132436e-01
-2.154438047474184215e-01
4.928477316299412214e-02
-5.316548932843973008e-01
-1.926686873403615219e-01
-2.880108872613953430e-01
1.617190309923664804e-01
-1.687397700596039718e-02
-4.570782970642552900e-01
4.959888118206543517e-01
-2.320966106785693484e-02
3.874941991928988472e-01
2.094019447047511806e-01
3.904509199740049952e-02
-1.860082835636571105e-02
1.448476133021809886e-01
9.300622002525779641e-02
-6.285255573648151906e-02
-2.015611380701689756e-02
1.113974772863732809e-01
-2.315600577901288926e-02
7.395174236332482942e-02
1.118369606396394655e-01
-8.178062957857510362e-01
1.453324344228201503e-01
2.311530809874318693e-01
1.831239581178313591e-02
-1.387894927959388014e-01
-1.830440108350399053e-01
2.782277954759157512e-01
-1.932928375342806149e-01
6.382772065534215999e-02
1.508291242421592737e-01
3.052500465520460726e-02
5.527100313292618999e-02
7.579537331159791336e-01
-3.722164322288629146e-01
-3.351609951885183292e-01
7.316336755797459013e-01
-2.075012953757790213e-01
1.013790514614712895e-01
-3.496596272509345377e-02
-1.837494572117988056e-01
1.150005080734365914e-01
9.195323153258828930e-02
-1.588470748411121014e-01
1.128341139655879843e-01
6.662720609375874514e-02
1.921267930525295542e-01
-2.527585063529264597e-01
4.700213903230803236e-01
4.437819032673143149e-01
-8.985154366813023763e-02
5.808734813653984586e-02
4.496448668892668449e-02
-1.047333085590590879e-01
-2.531767155244466633e-02
-1.054396129803110149e-01
1.433915562308591130e-01
-1.778687130028873131e-01
1.219695306631539827e-01
-2.219496717852783435e-02
-3.415072979945678600e-01
-2.697608271618975873e-02
6.476849078984076025e-02
-6.546725038789618090e-01
-3.562537164366380571e-02
2.202045197072177718e-02
5.841903200413638420e-01
-3.655779060717068152e-03
-3.739153339497567341e-01
8.408808375157638126e-01
-1.714689302464252885e-01
6.878144799950797195e-02
-2.762516318324402531e-02
-1.189292865910424740e-01
9.289833613903571985e-01
-1.485338392617669423e-01
-1.833170137369796726e-02
1.240214841297469783e-02
1.973997119064814509e-02
-7.132427244780788211e-02
1.395258235604227015e-02
2.411985746339510017e-01
-2.703619429495432783e-02
-3.615027623267484669e-02
-1.269789809366724809e-01
1.409041429759981534e-01
8.694826069039765515e-02
-7.671790281840447090e-01
-2.109154347937920448e-01
-3.000486024672839869e-01
9.062285602510039562e-02
-7.232376099455317675e-01
7.676100754509911084e-02
