-5.821732765208231797e-01
1.450197539864392038e+00
-1.318837877083922638e-02
9.170981587808301194e-01
1.327147346291624175e-01
3.156334877526352223e-01
1.120821261463890384e+00
-2.544783469468353543e-01
1.391455399740899157e+00
6.516602925418327752e-01
1.749319805150060692e+00
-1.185711802963289818e+00
6.879589777897983094e-01
4.338858641101590585e-01
5.340791004210578841e-01
2.576784906300246369e+00
5.443537236508382282e-01
1.226797004860063156e+00
-5.537975313970338043e-01
-4.069263685393177676e-02
1.158542769101467362e+00
-7.092941919539657025e-01
1.925694331711316765e-03
1.261655918272508448e+00
-3.485823322793842882e-01
1.882368779256013702e-01
5.220691851824366125e-01
1.314978570554593551e+00
9.708235267618249287e-01
-6.740148050662759793e-01
1.317357171865311649e+00
7.171929462066261030e-01
1.321610124251380469e+00
-9.440906965024459252e-01
-1.342719294129935959e+00
6.950632510751377779e-01
-3.709079133903762093e-01
-6.775513638380319392e-01
-8.736307302373634842e-01
-5.734880697352086054e-01
5.156175553228330433e-01
1.606281971336699921e-01
-2.199873601626178843e+00
-6.013159000948063992e-01
-9.950731114019818468e-01
-1.816276564566077500e-01
-9.818802326449816986e-01
2.728434614817634163e-01
9.111946502913848001e-02
-7.803965018197374093e-01
9.187974217669199195e-01
1.455749024111539836e+00
2.360614384883693795e+00
1.579064501367543505e+00
1.022123761589351254e+00
2.578007495349299849e-01
3.246742295664029609e-01
-3.774852765568035284e-01
1.124985172570403646e+00
1.323970866282355274e+00
-1.227092556444129734e+00
8.321950774389696992e-01
5.458953992405649047e-02
-5.980509294767207829e-01
4.935452273041213145e-01
-2.108863385477300900e-01
4.026120306610512789e-01
1.685666337726285491e+00
6.973210547443491336e-01
5.414595786438315406e-01
-8.456234631932005863e-01
-2.162550961384919201e-01
1.955547825901203240e-01
5.037797002502766297e-01
-1.026609490590919549e+00
-1.114920495457963068e-01
6.930399845925359903e-02
-1.966885422853374976e-01
-1.583634369760207605e-01
1.045927393132820016e-02
-1.594848994520752516e-01
2.147697626629802681e+00
-6.271426643420019431e-01
2.194450012822835028e+00
2.877830782353075101e+00
1.743749402052560127e+00
2.309441831414679847e+00
2.955006381268427407e-01
-6.291574633880945289e-01
1.259883688574714666e+00
1.365434105315210811e-02
3.984315846351737522e-01
5.829388603399579538e-02
2.376076650900617038e-01
4.777773471836314900e-02
-4.211298848645996795e-01
6.606674240041378321e-02
9.026896865771889822e-02
-2.505423645512913633e-03
1.818646723927374032e+00
-7.868620476189587265e-01
1.946507581516807361e+00
2.090908505201401368e+00
1.824565678686047132e+00
1.178010650018055161e+00
-9.369972084462774298e-02
-8.739021138587633741e-01
9.215988998958541956e-01
1.682032950346634692e-02
-4.870032573974724110e-01
6.274568388000428820e-02
2.519028397387141904e-01
5.602821606728979331e-01
-7.968819572293559528e-01
1.112627947605940193e+00
1.503435908483957473e+00
-2.674103795367597236e-01
1.213154208250011856e-01
5.891632433183663364e-03
1.487029005231983447e-01
-7.069136368317770203e-02
5.836098100772140196e-01
-1.487964174549817331e-01
-1.814577318969605169e-01
6.678243874962673798e-01
-5.031591535326022102e-01
3.471782251158600507e-04
5.114260291146847937e-02
7.699942336045093594e-01
8.399884331428892903e-01
1.437051388129343854e+00
2.667280163588547914e+00
8.651512757686280475e-01
2.511897630061484255e-01
-2.610446838259367630e-01
1.488481960218528855e+00
-1.327303129663162995e+00
8.342992814402279134e-01
2.461956363005926574e-01
-2.632177923171046263e-01
-1.462450458699782185e-01
8.337823047224007800e-01
-6.472864709699219787e-01
-2.915096308798618141e-01
4.867823612765926899e-01
6.081797474546020155e-01
-2.012352188131948605e+00
-2.196499494755041748e-01
-4.230601902500986666e-01
-2.747039865841369166e-01
4.236458562168151643e-01
-4.641135781161787044e-01
1.117635277970727037e+00
1.222392256972558044e+00
6.039425928009062305e-01
1.438417328392427752e+00
4.064833365540475030e-01
-1.002852585032978805e+00
-4.669140547201388047e-01
-1.757798210333823552e-01
8.633517215388106236e-02
2.131893224913222085e+00
-1.277092120571108769e+00
-9.442079091975568161e-01
-5.847039476368499633e-01
-3.588882802042939746e-01
-2.908438315751099568e-01
-8.370311312618991528e-02
5.983597703948392299e-01
-1.301080193063788304e-01
6.425662840026272193e-02
2.632553390665259840e-02
-9.412678380384931209e-01
1.129732148512454071e+00
-2.504482948892707284e-01
5.902296818593103511e-01
1.333674909165604161e-01
1.468947954999908490e+00
-3.326700121013691502e-01
-2.139395980055793789e-01
2.073717575830050119e+00
-4.824014584793985816e-01
-1.359436162367841483e+00
1.231590681233367124e-01
-2.229583729386605540e-01
-1.771766188233115935e-01
-1.740409168796330563e+00
3.153807721433354305e-01
2.220777582776473080e-02
-4.867756750817676947e-02
4.375236129272809249e-01
-4.542700386437004134e-02
2.273722396355669861e+00
4.063606699353641272e-01
6.036718347645821936e-01
7.363823251328867059e-01
-6.675572549495338848e-01
1.464107353298053082e+00
-7.770079709797471368e-02
5.751102337731699432e-01
3.718555152187009716e-01
1.507235522423071572e+00
9.238344336817915226e-01
-1.184811021965477273e-01
2.537910246551311033e+00
-7.415126176906534639e-01
1.182082101005048624e-01
9.834606459112700261e-01
1.399027988615877849e+00
5.963093910278431942e-01
-1.401480273035642155e+00
1.370669723402435425e+00
1.021482700759820617e+00
-7.485703555762079908e-01
9.488196783432567560e-02
-7.329481922795569315e-02
-1.731929984110394116e+00
-2.621432276763687730e-01
-2.406964298970723504e-02
7.436632574154280473e-01
-2.687108831345055848e-01
1.346591387695987185e+00
1.330257576446427503e-01
4.365274769398009846e-01
7.567079030653668659e-02
-2.493146132251422564e-01
-1.962786658359902126e-01
-1.247135716148551676e+00
-1.267496687394605859e-01
-1.554327865618390536e+00
9.831401523046212620e-01
-6.599879044691900898e-01
8.595884759080754112e-01
2.924267898373834607e-01
-3.956524569636137301e-01
-7.472151650502967257e-01
3.010155839864913085e-01
4.926343788733786311e-01
-8.137092502775084002e-01
-9.874546886934876255e-01
5.934642573011331690e-01
6.395806485334092351e-01
2.982640748663151209e-01
1.276552271651137938e-01
1.476372178359999232e-01
5.116253628519622509e-01
1.673441122328016561e+00
1.354658971524791977e-01
4.751968977002421490e-01
4.455012839810970071e-01
-1.260689205908809729e+00
-4.949804390491968631e-01
1.044011908684623346e+00
-1.126979525598114984e+00
1.339165664510809872e+00
-1.367058891012201016e+00
-5.326357830989358888e-01
-7.320799586916615365e-01
-1.532689471242997259e-01
1.761087116963399313e-01
-9.564198176917757532e-01
1.043834439944020698e+00
-1.363323832343977249e-01
1.505330019433164912e+00
4.015537132576505464e-01
2.267311175860956540e-01
2.458099432319392541e+00
1.014548272386267325e+00
-3.777572405609097572e-01
-3.763997476211778936e-01
-2.547816112219787876e-01
-7.581746866441090305e-01
-1.001499282647237754e+00
-1.720132088180879038e-01
1.297403929647716336e-01
4.177374949059947662e-01
-1.132024616382744098e+00
2.157727491636640682e-01
-8.865218213233078126e-03
2.012819344939058119e+00
6.536805173630036436e-02
1.159709289473211502e+00
1.047384775979410154e+00
2.029114897020349861e+00
1.417636569993793172e+00
1.492451010775372122e+00
-8.850282699405341846e-01
1.238567931414114476e+00
6.986084174222197962e-01
2.046284346244279906e+00
7.395056247838620311e-02
-1.927896296654803443e+00
1.244188245179096430e-01
-9.981334551117297949e-01
5.258328093020085969e-01
-7.841021879245182458e-01
1.609498253451966843e+00
6.306295509392387810e-01
-8.126353970626554180e-03
5.898787740248181977e-02
-5.537105087171032558e-01
1.684348952072603600e+00
4.681419406912258885e-01
1.698765972305502636e+00
1.540344884023209016e+00
2.260440225983390228e+00
7.781056782896300650e-01
-4.444589531613226674e-01
-6.004903760886831643e-01
-8.608970759090605052e-01
1.171409837322825997e-02
-4.781639993978879510e-01
7.868663130652825410e-01
-1.333704088629459772e+00
4.673891396796373554e-01
9.089867498072699004e-01
-8.737504542783369743e-01
1.882213832474644244e+00
7.335534733253263884e-01
1.282185075741944624e+00
8.775270504721356390e-01
1.705781763842697529e-01
-5.551687331527110913e-02
1.816774980907834847e+00
1.085026721536669347e+00
-9.962191678081755430e-02
4.223613069239956497e-01
6.176201462661513597e-01
1.128245678694173304e-01
5.808308207122378497e-02
-1.486010177488794604e+00
4.792705990597825316e-01
-1.121438610359210664e+00
6.442370785362940833e-01
2.904427103935719803e-02
-3.529668276714083563e-01
1.478450818094554364e+00
-1.369699299248110291e+00
6.754471726365853801e-01
9.141553834835993708e-01
6.387716076798053422e-01
2.069771088029225270e-01
1.705974023541518392e+00
-1.379818651528959661e+00
-3.485982222092757349e-02
-1.006203027896445779e+00
8.418584673823430453e-01
-2.473577089219937353e+00
-5.220358506124896103e-02
-3.671916744225283136e-01
4.438803660135609563e-02
1.233897767517608823e+00
2.825980819514609665e-01
1.581783008256214984e+00
-2.896377221350199260e-01
1.494536337852555574e-01
2.289220231533152794e-01
-1.019513979456942998e+00
1.414700899171634552e+00
-1.145656082204432602e+00
-5.041461170407328662e-01
-4.094192070046568932e-01
2.602597452891417529e-01
-7.637873318958110502e-01
1.809198933518162133e-01
-3.584098985626004152e-01
-1.115014308239482277e-01
2.836519405081422418e-03
9.600898173752439035e-01
-5.078130476099396162e-01
-5.858023624530022122e-01
-1.412259132451444965e-01
-3.219773871956224665e-01
2.703441976085414034e+00
1.219175491729042493e+00
1.506705431955132068e-01
-1.558526051408356539e+00
2.216924530803762727e-01
-2.548374224395298371e-01
7.263286967838437080e-01
1.530485806602968346e-01
9.635321749230751909e-01
-2.353769535200981033e-01
-9.250000090632447547e-01
7.224142396695611978e-01
-1.174791952866045763e+00
-6.803619741079152128e-01
1.075403072834253543e-01
-1.923942781073609831e+00
1.565927132079567019e-02
6.492479890879104820e-01
5.309489814938429114e-02
2.727276489974150286e-01
1.671204294369825982e+00
-2.917778009734348088e-01
5.774977510131871217e-01
-5.661934159394186317e-01
-9.617969669199553095e-01
7.876035015593070288e-01
-4.932943062495855902e-01
4.868425410180558521e-01
2.236472412628828010e+00
1.763171492015856767e+00
-6.171966970043254452e-01
5.627458991420988266e-01
5.786229365064492480e-01
-7.275606916380922273e-02
-2.413099988668235552e-01
1.139668886497565148e-01
-7.854487323109852204e-01
2.283100463457062301e-01
-1.991387137921741823e-01
-1.957995666843480587e-01
4.872509641479390030e-01
-1.545783598613595933e+00
7.705915861344880824e-02
8.888762822292352039e-01
4.076078388996721147e-01
2.642623270877471064e-01
1.123064531463941362e+00
-1.172997471030888111e-01
-2.193385677016408408e+00
-2.871790034678476933e-01
-3.018140130821508893e-01
-1.185790840568907045e+00
1.496375807316959294e+00
1.955226705016184674e+00
2.099527525793642713e-01
-2.357349039361614773e-01
-1.477129276388580603e+00
8.740696451463618732e-01
4.645710386597953767e-02
-2.724169652340596715e-01
1.456501313946523546e-01
-1.720578695612792752e-01
-1.021354605683467032e+00
1.202391933707860489e-01
-5.936093285597100477e-01
-1.178506503044663423e-01
3.776367059395562276e-01
-1.949109748203926573e-01
1.628097391146877237e+00
-9.856734671342326504e-01
1.520824984605086971e+00
2.212194674297616626e+00
2.873067953840798161e+00
4.854139942679103203e-01
7.756084807896508337e-01
-5.925964820891966855e-01
7.884621596670220445e-01
5.636250628382422079e-02
-3.214388864381040323e-02
-2.356126540171777362e-01
-1.314570825148646094e+00
3.744843881676921393e-01
7.001377658468913578e-01
4.582291915004874649e-01
4.762750711129748460e-04
-3.245688971651533583e-01
4.252940669736455792e-01
-9.774768426053070947e-01
5.462694031176752452e-01
5.245916199867939334e-01
2.008056559226239490e-01
7.185351668061609187e-01
-1.068243500756831610e+00
1.281362646563558139e+00
1.088717767406398806e+00
2.193963557283938215e+00
-4.486847678595941025e-01
8.125235673440369677e-01
3.182549533290436605e-02
4.581415350565933298e-01
3.286776981122072061e-02
-1.357737248532582486e+00
-7.787401581964714659e-01
-8.325265490310683469e-02
1.088150016906044959e+00
-2.611255315481025852e-01
-1.173737167436823103e+00
1.671097225141590314e+00
-5.394510467986008972e-01
4.849909778637103708e-01
-5.048339298331427916e-01
1.825288899312109969e-01
2.830246109579312996e-01
-1.693850778820228165e+00
-8.507912103770902679e-01
-1.233714841724750544e+00
-7.552192694193377021e-02
-1.830367904069567730e+00
6.938485674260016500e-01
-8.456925447940982776e-01
-3.974866541181047985e-01
5.223702438986955743e-01
7.715938259838531765e-01
-3.750193616044199540e-01
7.148867734505087723e-01
-1.745389762610351392e+00
-1.536846831121786161e-01
-9.166535353539303488e-01
6.490341732964597377e-01
1.521484140431037524e+00
1.590905492960515144e-01
1.152965076894424623e+00
4.334174519567089434e-01
2.563253375318398919e-01
3.123172780869384324e-01
-1.804461413730721109e+00
-1.647819707508359155e+00
-3.053553163582853891e-01
4.717367721638113798e-01
1.801806503860859277e+00
8.287854051738758887e-01
1.726104050246404231e+00
1.922183379196623632e-02
-6.481342381134498343e-01
1.854859048697274637e-01
1.953149965689298106e+00
-1.784402376059812445e+00
6.514922744059445936e-01
2.153224249370585763e+00
-7.367502923505470092e-02
-1.222594929667696562e+00
3.418930626700860120e-01
-7.847180770254794102e-02
-9.804782703216970152e-02
-1.363116423168012847e+00
7.252756725921154501e-01
-2.992032842939034154e-01
-5.531287071908843611e-01
3.915226805558613687e-01
-3.807295531712038272e-01
6.546723726415092370e-01
1.181173419395910584e-01
3.858705331643986769e-01
1.119722310860527870e+00
1.325393537934370425e+00
-7.524676056979242578e-01
1.205451046999892029e+00
