4.420994557083687826e-01
6.093517615366378370e-02
1.873763108675893241e+00
2.187200260257861073e-01
7.588677501491413180e-01
-4.878231924437669009e-02
1.287640495697999210e+00
6.105584364345271187e-01
1.087234493373704369e+00
-1.104897675796098433e+00
1.743686484105116286e+00
-1.465993978932916608e+00
2.779273643504379665e-01
2.025792315985965431e+00
1.668118596398212805e+00
2.182803110787712164e+00
2.187850946811104702e+00
1.448972482167460996e+00
1.562555157246198478e-01
-6.877816137916104022e-02
2.762650783503312751e-02
2.047398699816606604e-01
4.728993630462607900e-02
8.617269629001399200e-02
5.968044478759639004e-02
8.666773756211945678e-02
1.166867425130995173e+00
-1.103744388395720977e+00
-7.391736758306495236e-01
-6.824693181706657785e-02
3.047589708884799631e+00
1.847344486092562077e+00
-1.346064540007028409e-01
-2.372928388498252161e-02
2.522229114767914337e-01
9.824903250789022158e-01
1.476274327999543556e-01
-6.152510393182636372e-02
-1.462552078624654861e-01
-2.846575160409620109e-01
-4.211672408008670931e-02
-1.220026399140262119e-01
5.954459017662902531e-02
2.843926044621809535e-01
-2.529123606934916779e+00
-1.780554730944177599e+00
-8.719485408848272057e-01
2.006466694757948588e+00
-1.033730516558145851e+00
-4.130748262895101441e-01
1.351445973295870795e+00
2.586165651126992038e-01
1.512069646410161505e+00
9.015952828494373517e-01
3.430246656048480114e-01
6.696625608108333627e-02
-4.467737392580140021e-01
1.102548165065790453e+00
3.401288213674127370e-01
-8.908026492493683612e-01
-2.589918401952082117e-01
-5.698540451572251531e-01
2.508383983824403085e+00
-2.951505292271290326e-01
4.366721789291396205e-01
1.329633344283413177e+00
-3.303800472213381800e-01
1.596411586460481979e+00
1.627217185796886900e+00
-1.613910610605787443e+00
-1.347079260259734790e-01
1.744157459235117003e+00
-1.016362530117162821e+00
5.225305402765839657e-01
1.609219486117826892e-01
1.112499242878943972e+00
3.413760662992518236e-02
-5.962105096893094425e-02
-1.333452368951274059e+00
6.478397054423822299e-01
-1.369973961558954123e+00
-2.744546393549940344e-01
3.899686050223105660e-01
1.102041708376969131e+00
-5.803968282147607960e-01
3.681980040825291733e-01
1.003068386248781918e+00
5.899402790278583941e-01
-1.051593233260153859e+00
6.176961698590347494e-01
7.143507527943275814e-01
-1.431151263681340602e+00
3.562905526522341937e-01
3.029042522980599506e-01
8.648863108489723839e-01
2.589858087663998026e-02
-4.815069153646021616e-01
-4.674989250433069232e-01
6.688979928293271870e-02
3.405970601639513040e-02
-6.589753515271706830e-01
-5.529090422949816119e-01
2.389812769229851530e-02
-3.087260081734936046e-01
9.684767741219150183e-01
6.955198479882137574e-01
9.726746532424589142e-02
7.714702985243145905e-01
2.197828489997649681e-02
1.297846147682212958e+00
-2.175757427257350718e-01
2.657651484011921972e-01
2.638297551470537572e-01
5.828994716054000103e-01
1.304439132163525139e+00
4.990002693667356382e-01
9.070406574975091452e-02
9.127599438193086945e-01
-1.761129979504986176e-01
6.548847662048151719e-01
1.989924707954185967e-01
2.191820551997329392e-01
-1.092016210167554346e+00
-2.119748748295157692e-01
5.481653180037424078e-02
9.824869566706293522e-01
2.368691165900798090e-01
1.184260072378469308e+00
-8.821313963655039725e-01
-8.297752155178562961e-02
-9.075309602065915193e-01
-1.942807060523452922e-01
4.554915688634835202e-01
4.422692241997458473e-02
-2.800215856092105327e-01
-9.703212631655144804e-01
9.971611636268599144e-01
8.295587251563094622e-01
-2.168658274792705787e-01
-7.937898303329570249e-01
-6.767026514165225271e-01
-6.461342271706413953e-01
-4.353845922963930914e-01
-2.788792072099537389e-01
-1.388098552650888218e+00
2.228666774268123207e-02
-9.375507880046730635e-01
-2.162821803250236097e-01
-1.388546547267189568e-01
-1.202186929692565132e+00
-9.022628265795991365e-02
1.014720707223688789e+00
2.890900247900255460e-01
-1.059368926634183694e+00
8.784653900201960797e-02
-2.957351287162462428e-01
1.039922738086513032e+00
2.439789675393527091e+00
-3.143490989597533813e-01
1.656007131217485107e+00
1.263118040017855881e+00
1.270477069247011537e+00
6.581039935485784031e-01
2.155362763053166320e-01
-1.130170926130991127e+00
-2.033278847367166797e+00
2.344210508183226516e-01
-3.072282679275957495e-02
-6.065910584299060160e-01
1.150809222632300788e+00
7.026918648060146433e-01
6.065112487143209385e-01
-3.049021028637382003e-01
1.915180987344246577e-01
5.796042530224555511e-01
5.081700623927269955e-01
-1.540817953266616636e+00
-1.711541221838909665e+00
-6.819820501429804116e-01
7.237833245626351664e-01
9.424862070412693971e-01
-4.048216656200285257e-01
2.718894418287935988e-01
-4.996992307537352629e-02
-3.360219832397837725e-01
1.896241863605743649e+00
1.014415056748527721e+00
-2.495167961695291314e+00
-1.403985556961418468e-01
1.656426352120011991e+00
1.277683337814778941e+00
-1.657578683615875681e+00
-1.609831270937660763e+00
2.719240428899643014e-01
1.033686997401124463e+00
-8.745463531530647816e-03
2.798244812751689570e-01
-9.817216921247411410e-01
-9.559381669152654526e-01
8.207529352331550676e-01
-1.885143988364512968e-01
-1.768861130087172606e+00
1.297973113948583945e-01
-7.538544259378577861e-01
-9.232999899362032137e-02
-1.185233092223622053e+00
-1.357901231438200407e+00
1.585484771315325558e-01
1.547696620568191905e+00
-1.209821952674546175e+00
1.519278267902145485e-01
5.043524535753211024e-01
-1.236848663253332203e+00
-8.643731232741999060e-01
7.458334053540374153e-01
-4.750571983696432743e-01
-2.059705408848032937e-01
8.905421203553096077e-02
2.426658333523732877e-02
3.129828114008258166e-02
2.676501881582665776e-01
-1.329416541290732723e-01
1.487755820419132124e+00
7.433814723918205636e-02
-1.956109554871192369e-02
-5.738883205807610022e-02
-3.644895237658512532e-01
-5.503546787496127468e-01
1.462665483886306461e+00
1.191190916391001942e+00
-3.371391771812967675e-01
-1.504134279374750582e-01
8.836622249563941267e-01
1.712266681511739108e+00
4.130305398977327652e-03
-1.439838764022808082e+00
-3.324278928661111299e-01
9.851633692794052877e-01
8.128436429181082334e-02
-1.615349553143242467e+00
-2.394977088480342298e-01
8.072573834059550979e-01
-4.667184145053773214e-01
-1.645830374680329999e+00
1.065620905741669677e+00
-8.523057885224559760e-01
-8.153624762547689864e-01
1.068540379770607451e+00
2.352847540776863422e+00
3.842308017218465377e-03
-2.758363322552922492e-01
7.485099098845845456e-01
-1.638724221771735934e+00
1.004175083641931643e+00
-6.335186918583092242e-01
3.215824383375554540e-01
6.468265491137394907e-01
-7.742264152480003714e-02
3.786226088594790706e-01
-3.685720679866355542e-02
-2.717860685427012646e-01
1.308127741085546525e+00
8.215167992225489435e-01
3.762244621596076699e-02
4.984977157945963411e-03
-4.630678918720551041e-01
-2.444721156999614120e-01
-6.106916859825686217e-01
-4.038156099440290414e-03
-3.289325357055904453e-01
-1.136673300244281648e-01
1.525365848955329562e-01
-9.875348177696328944e-02
-1.553088930646924215e-01
1.650507528833784487e-01
1.857629255368497545e-01
1.260339912328807821e-01
2.259965477452157145e-01
5.435876805493677216e-02
-2.763787551066814729e-01
-1.247526327872117369e+00
1.692333848590149570e-01
1.383720546629933823e+00
1.360104923281779898e+00
2.411228725757939284e-01
-1.655283688433048184e+00
-7.964394980403849411e-02
1.605825383778201942e+00
-6.983203211793869158e-01
1.810528001405098619e+00
3.522202317805182004e-01
-1.762991193817254332e-01
3.002075260595447603e-01
-1.267230815203268524e+00
-4.866317514209909101e-01
3.864714037447099515e-01
9.502954591809034124e-01
-1.799923529688438828e+00
2.592213438700879946e-01
-8.111601196478589459e-01
1.225670985048181727e+00
1.860107736382574928e-01
-3.082094530750378869e-02
-1.578200443460077707e-01
1.066332732957277152e+00
2.794272093547117142e-01
2.080495091769703375e+00
-9.363270638501524079e-01
-1.205301695522253524e+00
7.791289638517796823e-02
-4.120876882588717649e-01
-8.806105753173212314e-01
-1.688849233647326045e-02
8.135199973775506521e-01
1.306316975021185600e+00
1.215416023341426843e+00
1.345738460318038010e+00
-6.527656889062833923e-01
4.536785362783051778e-01
1.546621040932874225e+00
3.381832294358031454e-01
-7.852716073849255185e-01
-4.477230946599927153e-01
1.441675358348361025e+00
2.642859953419522401e-01
8.274193786976895559e-01
-5.787721578327839067e-01
2.736366176399523398e-01
-1.103888870565568614e-01
-2.788059426565495658e-01
6.729117756687783558e-01
9.102628379399368974e-01
-1.044401730968799402e+00
-2.660618755608440966e-01
-3.084259714394901319e-01
-2.008934856521574219e-01
5.298547664841699589e-01
2.033355790453213352e+00
-2.438507683304991513e-01
1.713620198263930305e+00
5.386834981120353083e-01
2.225117544913260303e+00
1.251212649302659852e-01
-1.282299139950534017e-01
-2.592587661135647287e-02
4.244436871007593870e-02
1.080368790548880270e-01
8.141319954435276285e-02
-2.344807931157021769e-02
-1.190611808774617864e-01
1.377922464543446912e+00
-2.351233511271851317e-01
-1.424278253031757924e+00
1.891321102752536731e+00
-1.332225411639261781e-01
-8.621634424996464652e-02
1.006636191117296963e+00
1.121628578910392138e+00
1.724864055722619804e+00
-8.979197641057018453e-02
1.509916986619674883e-01
-4.381823808375301388e-01
-4.912063008060505442e-01
2.417969014177340226e-01
-7.901329238093804941e-01
1.295020515090993918e+00
1.100162826757103529e+00
-2.773324519578059255e-01
-1.422652675312939818e+00
-1.016058279813636389e+00
3.129527976970108982e-02
3.774787762840722261e-01
2.054138605224217762e-02
2.704836454352873565e-01
1.216096884936420652e+00
7.251214009044009146e-01
3.006133552085104577e-01
1.288424101525741605e+00
7.692011465150809801e-01
-8.788430451948325839e-03
-3.128251833083684486e-01
-5.572963158420156660e-01
1.407809787375695065e-01
-1.447401650558301611e+00
1.609363891473876151e+00
1.016429687146186422e-03
-6.118440394742346022e-01
-6.312398841572122166e-01
6.183125239487656799e-01
1.554072836431895199e+00
1.671544172160480457e+00
2.639478222207375935e-01
1.165189947823800587e+00
4.748784321998598124e-01
2.463143651963346503e+00
-1.191760532655447458e+00
1.368327432019063927e+00
2.229777731753157521e+00
-1.442696598828729693e+00
-3.515934619906541103e-01
-1.340371708714813981e-01
1.625512673673047637e+00
7.719337439938228629e-01
-6.895079107434646248e-01
-5.037028055006240734e-01
1.356327728763219997e-01
3.756829138423162795e-01
1.310533235674287367e+00
-3.780416532044408862e-02
2.921778357825414313e-02
5.095509045496016132e-01
-1.027539101657812370e+00
-7.893878521682645699e-01
-1.346606022165957262e+00
9.348776426495108982e-01
9.805319386102713530e-02
-1.177629662023609525e+00
-4.041221104919057172e-01
5.879280366968978044e-02
2.364381238035864752e-01
-8.392807665204879974e-01
1.537392066334627216e+00
2.426699411329593381e-01
-6.244025191986204426e-01
-1.490462597543598111e-01
2.047622117143016451e-03
-2.115530242183034093e-01
1.661519119279618595e-01
9.527728864123563568e-03
2.897172909153202358e+00
5.734640411563062257e-01
9.734169314563217990e-01
-5.434567016439990628e-01
1.426200227860986658e+00
-1.289748933442184387e-01
-6.536051092086079262e-01
3.231265329939186359e-01
-6.535459646759532726e-01
2.631563295193753982e-01
5.662230224473221440e-01
1.168864843091306005e+00
5.473051914004114504e-01
1.018092182470737850e-01
-3.866314154712835460e-01
-2.078260241324348667e-01
1.785593732550330159e+00
5.465646065809706133e-01
4.735672395193117890e-01
3.993726821514214653e-01
-6.174156903543642771e-01
3.773062792563882661e-01
-3.422448508337104789e-01
-1.763418105416508785e+00
3.165252414094643640e-01
2.988100460318775520e-01
2.150167278683165484e-02
2.006342479829791303e-01
1.968766588482251945e-01
1.216060255696230913e-01
-1.627572647198649136e+00
1.976229245897028197e-01
3.326042789795404797e-01
-6.563456805030035701e-01
1.088005542639620016e+00
1.388037209682894679e-01
1.099798075269303732e+00
1.392636278119333326e+00
8.467829354425183697e-01
-5.249621343534600637e-01
7.392264429549781912e-01
-7.644789064384747146e-01
2.598586019296533767e-01
6.502505585739308813e-01
-6.440047231009869699e-02
-1.321703925553559082e-02
3.542116948359636530e-01
1.559456006197854183e+00
-6.350759114774899849e-01
-1.979694869621147157e+00
4.808009435178507984e-01
1.005904164495655229e+00
1.721850547828279065e+00
7.364447516361328772e-01
-1.636004911941197348e-01
-1.178357277192576547e-02
1.707399443192242128e+00
-1.106561949269467382e+00
3.442546776984489187e-01
-1.835924640197481028e-01
-1.682645226325417409e-02
9.740225802639368435e-02
-8.619936786593478395e-01
-1.014311465214416508e+00
-1.150073708036870590e-01
-3.493267608218231235e-01
-5.988018171979276882e-01
-2.800439005752726473e-02
-6.647940058076491354e-01
1.249444853684101020e-01
-3.737419010061687752e-01
5.484868217742485674e-01
6.293328651921606953e-01
1.547690477516868501e+00
6.125657199586982404e-01
-1.082788778815063635e-01
-4.142517527172368333e-03
1.060839006301628196e+00
8.320744668777128039e-01
-1.374071804534705343e+00
1.127115002451467785e+00
-1.196324420367967045e+00
1.220208566783612225e+00
-9.627128689649235849e-01
-3.999775062299573136e-01
1.207416883391738027e+00
1.016675851614990078e+00
2.837851105706725718e+00
1.397428727397366455e+00
1.826705519374056452e+00
1.398156032189701525e+00
5.282823538927925444e-01
1.460495204857765739e+00
-1.460102725616127861e+00
2.566864017620064109e-01
-2.830137389406006676e-01
-8.614451815777320887e-01
4.873173984191939145e-01
-7.492506264339122701e-01
7.325838604847616509e-01
-2.149762760188381472e-01
5.988129547158254073e-01
6.234416668152398255e-01
1.764891226184084894e-01
7.461452422959264918e-01
-8.323323366382605337e-03
3.769738953439405460e-02
3.749279149038821646e-01
1.437228637784973007e+00
9.038689138416129421e-01
-6.561559169295941851e-01
