1.628019347848455589e-02
2.518649607209919039e-01
-2.271325794531136033e-01
1.753906200803568849e-01
2.201543215123036301e-02
-5.308189810014614374e-02
-1.357399123793425200e-01
4.519249077167692974e-01
-3.053219859369994960e-01
6.454801730389312375e-01
9.066236433497940062e-02
8.290269826755223281e-01
-3.863765467426437394e-02
2.695084021052112089e-01
-2.444296061786888352e-01
-3.071162277227206805e-01
-4.747997713378959705e-02
9.109114580780397485e-01
1.020297941862467334e-01
-2.831136916066028242e-01
-2.143407382612507184e-01
-2.485762765042603961e-02
-1.905138358406113230e-01
1.072013887875154781e-01
-6.881968694373881423e-02
-1.795988199599122814e-01
-3.909123292253601223e-01
-4.656917537746946972e-02
1.560282620483272598e-01
-1.214479506723884633e-01
9.435756786613379299e-02
-1.337536842454105923e-01
2.632868850657768545e-02
-8.737725505199689380e-02
-1.838118371390836669e-01
2.493938241186579585e-01
2.409206624125958540e-01
1.322632932578663711e-01
4.862611166433356003e-04
-1.258692828341757136e-02
5.533744788624533895e-03
-2.051470078988336943e-01
-8.076503612612857819e-02
-2.557826516732985001e-01
5.092731787825679340e-03
9.160898420965661593e-02
-2.186973838683756999e-01
-1.716829344382229672e-01
3.485340378158336416e-01
-2.008388676179623245e-02
2.453498662250733209e-01
-1.096339878640337495e-01
6.387696122212202510e-02
-2.992190525930780998e-02
2.929754611205034887e-01
3.590709701908670892e-01
1.278523901308223354e-02
-1.997193043290020065e-01
-3.476266268790206837e-02
-1.102812043168837214e-01
-1.062544913008198755e-01
1.134820764053575404e-01
1.028981832476205255e-01
1.258363590340030869e-02
2.362711297743153860e-01
1.379412399675665479e-01
-1.125876716214411766e-01
-1.283539326338322129e-01
-9.722967532078927166e-02
1.025050092760850934e-01
-1.486266284652398295e-01
5.587951012259442102e-02
3.435317334212233398e-01
-5.391864167457792456e-02
7.033689722898531227e-02
1.184643096037883009e-02
-2.445204087828380113e-02
-2.077546350612738402e-01
6.343687401760728095e-02
2.791402307431574137e-01
7.927517841716499869e-02
-5.944783505612340202e-02
-3.001192023810417275e-01
-8.194016978963589160e-02
-3.268656081871761099e-02
-9.341196441895888158e-02
2.006308667702765280e-01
-3.326582632915348059e-02
-4.228689720900993126e-02
-1.004288232083186128e-01
-1.807584925978566459e-01
-3.170656253952144343e-01
-7.047323812174214330e-01
2.831359755787313942e-02
-1.341627752494072012e-03
-7.505681047104968417e-01
1.704338785626422492e-01
3.164831363731676617e-02
1.550246902042785313e-01
-1.835038582512745764e-01
9.056067887964092122e-03
-8.760443008988783031e-01
4.439385328480498563e-03
7.140462363390753797e-01
8.495943280102388750e-02
-3.303807573614629955e-01
7.877698043422954877e-01
4.536867872182520633e-02
-1.299354915384635378e-01
-1.725786803005190939e-01
1.526962257134611978e-01
4.667699590154300582e-02
1.482137771782264524e-02
-6.474503196811365324e-02
-1.687331035040999863e-02
2.265599157729112356e-01
5.061063918100845022e-02
-5.896352555895600922e-02
2.955819338797568627e-02
7.952380484277682404e-03
8.389411301501463469e-02
-3.382801553419476637e-01
1.863354534655253109e-02
1.296756090775277592e-01
4.024034673346690294e-01
3.398834953135339010e-01
-9.808485465266796044e-02
-7.529228871452758876e-01
-1.972983609871941935e-01
-1.842218254976992764e-01
-5.406090561865197763e-01
7.167038335322534204e-03
6.333119962471873976e-02
-7.533433111485615674e-01
1.783139217373996555e-01
-5.905237938030436645e-02
9.935435246293426725e-02
7.292816892590884281e-01
3.466398658339528427e-01
-7.129753993176862759e-01
6.203366797314683323e-01
2.262003167443303875e-01
1.159219605621958360e-01
2.518735579504879363e-01
-1.030294363444702321e-01
4.583730175716607680e-02
-5.632390175584418845e-02
3.256744402000619903e-02
-1.092252374513273672e-01
-3.089695333801087962e-01
-1.081203712793827043e-01
2.316956654916516034e-01
-1.190924156505515918e-01
-5.901411327915792593e-02
-9.393615956786757759e-02
6.255424745181356605e-03
-2.034761028691645102e-01
-2.245912040805314036e-01
-4.280340121267037223e-02
-5.932489181283567142e-02
-3.040874518960055839e-02
-3.884008793350478272e-02
2.514669656575962420e-01
1.576206047784830533e-01
-1.608843338693455027e-01
2.546905184500015962e-02
1.005936145356161882e-01
-7.345726399257551664e-02
-8.319878801289233572e-02
-2.639064570554081057e-02
6.778849378095987144e-02
-3.719838311993282909e-02
1.553882012879459762e-01
8.361642936314339636e-02
2.147367439641395814e-01
5.328175711356208238e-02
-5.743412225103292079e-02
-1.869255337253342975e-01
3.196007008832504881e-03
2.375297745030764685e-01
1.352522438892182488e-01
-1.552888909668320716e-01
1.218441517191821422e-01
1.049086217967216267e-01
2.593183592826719397e-01
8.287516317882621941e-02
-4.745697962919870894e-01
1.817015335060793990e-01
1.739622652672890291e-01
-4.838867049820089195e-03
3.492830037806773924e-02
2.156632508653111568e-01
-7.230274895034644045e-02
3.514009158460049131e-02
8.133073471172654056e-02
-6.950242769470900417e-02
-5.954874138373410924e-02
-1.360918159003928485e-01
-1.918835814117614280e-01
1.356914455156053578e-01
-9.620647035225313171e-02
2.746810895478266762e-02
-1.647275409246676814e-01
1.652147017645625993e-01
2.276519083977121549e-01
-3.344143484358755997e-02
1.714516603329565431e-02
-8.999173236052263047e-02
-2.311766868629705207e-01
-1.609169634757197931e-01
7.868748092556833440e-02
1.326752933645637955e-01
-1.492197272820670606e-01
9.975919089696813624e-02
1.299662142420487665e-01
-1.779475521721747278e-01
2.185916903171734871e-01
4.276717689102597086e-01
-1.808822776969499016e-02
1.018472444423775131e-01
3.453407343623712267e-01
1.556693471038266829e-01
-1.804536050724822316e-01
3.288390477285295377e-02
-2.859045628883800094e-01
9.674304524412077888e-04
-2.269444925807979074e-01
2.729005530784153755e-02
1.265491453678963263e-01
-6.621006989173432167e-02
8.361965299063284229e-02
1.423729569846496068e-01
1.281267482837708527e-01
2.414463864284550898e-02
2.323310274303144463e-01
6.789354838457631325e-02
2.219216321391155877e-01
6.285100588552693102e-02
1.014166686272177931e-01
4.336002069600035369e-02
2.106392172127274920e-02
-8.928690101489149267e-02
2.864242365889189956e-02
2.113693460175278815e-01
-4.988248940759092837e-02
-8.102851127881824378e-03
9.424432534218238344e-02
2.853528515168730906e-02
2.565686223824920620e-01
-4.374415820219279549e-02
3.910202169307738090e-02
3.343253394737425443e-01
1.166093201434245386e-01
1.587437430231736224e-01
-1.006814166843180425e-01
-2.302245909540305280e-01
1.065184617590389238e-01
-2.696852696966207247e-02
-6.800177333816773695e-01
-5.701403968060676508e-01
-1.979591822400155465e-01
1.320378247144993362e-02
4.630318015680071064e-02
-4.008521768666083451e-01
2.268494451381891652e-01
-4.487749414663244618e-02
6.699222209559606567e-01
-1.253141981245431968e-01
7.866480028774852640e-03
-2.415933110176371468e-01
-5.661430373339806921e-02
3.022261500716028060e-02
3.474684107650363174e-01
-3.630177595757417275e-01
-3.178998770968428644e-01
2.541502304454640870e-01
-7.632012384765197652e-03
8.314097132995995620e-02
-2.349159880966048830e-01
-7.960021479535495104e-02
-6.360613916989434069e-02
-8.699333347032643660e-02
-1.147946026155434313e-01
1.366610028822640155e-01
1.716693910628828423e-01
-6.075028815183987352e-02
-1.059222524050993652e-01
2.557644295503329057e-01
9.718346079333903265e-02
-2.015613443416400252e-02
1.172217582538592762e-02
-1.966436814852065285e-01
1.626777509964056484e-03
8.345636957515450982e-02
-4.156156308225842505e-02
7.947173355232027558e-02
-1.787578505748184388e-02
1.560006286565468470e-05
-2.269874741794544737e-02
-1.662612760973887771e-01
-2.134481563430145890e-01
-6.949083175466305717e-02
3.202482735814666803e-01
-1.798506491392719842e-01
2.512694095397704497e-01
1.782302375462937460e-01
-4.387949254730846849e-02
-3.369672412731099520e-01
7.311281510768422032e-02
1.205792101741459815e-01
-3.112583085689318851e-01
-2.246501668378083072e-01
-2.286170370356377934e-01
4.627711070379523367e-02
1.259291092236953374e-02
7.645207059094238922e-02
-2.254371422521611046e-01
-4.100259113742762973e-02
2.850879138697318682e-01
5.316540431812608047e-03
6.497618523506262789e-02
-6.043297073725033275e-02
1.653334968562906737e-01
-5.429833086065626035e-02
-8.348157935219990833e-02
1.258655903897192702e-02
-1.674081093694057276e-01
-5.586895885402376472e-02
2.468660236599916347e-02
1.329822798625635571e-01
7.624644955984891115e-02
-2.283522302859327530e-02
-5.414600617975964258e-01
7.431354738614541766e-01
7.463646679171557219e-01
-2.265308175927736867e-01
7.132751673826200900e-01
1.905963168618503567e-01
3.217867782845096891e-01
-7.143772021199845668e-01
3.818425214332672457e-01
1.330755624146470750e-01
-1.490060652081492965e-01
-1.012639303543535485e-01
1.426354910025327272e-01
1.892434447248595997e-01
1.969038584007341275e-01
3.395891507022827938e-01
-6.273796976015655336e-02
-1.006215815873536673e-01
6.405931594457318079e-01
2.710297494439023458e-01
1.653809419337654574e-01
1.809142006981010187e-01
3.652503999097818088e-01
-1.324202274836631110e-01
6.993113000745356800e-01
-4.835702552608296401e-01
7.492429532022413241e-01
-8.495804266385156844e-02
-7.166310738859434093e-02
-9.891843144017470335e-02
7.472398855478870616e-02
-1.123667269225893106e-01
-6.594796349119140533e-02
1.476294091268743891e-01
-8.551241349513807877e-03
-2.181916124451776517e-01
1.098323979512658144e-02
1.174198729347776526e-01
1.046367663211759946e-02
4.372389183953023090e-02
-1.536957753474362531e-01
-3.525296484773850214e-02
2.792989986448239370e-01
-4.544697510771113225e-02
1.268060472132412908e-01
1.243394977779861688e-02
6.845803100658384710e-02
-8.491702723483997295e-02
4.497978682889067908e-02
-1.375635788107688329e-01
2.353693722271139321e-01
1.194040797712158930e-01
8.173044070304360531e-01
-6.099039811764416230e-01
6.238943046252486413e-01
-1.043486420190969238e-01
-1.135590357889135760e-01
-2.030419078778741837e-02
6.933139875820690246e-02
7.884966999998757053e-01
5.005494704387203342e-01
-3.270155239709331141e-02
-3.122617476039982742e-01
-2.632765107512105573e-02
-7.813627872154249587e-02
5.181364984925139472e-02
9.274565482975502539e-02
-3.298592145993969882e-03
2.567473524199158086e-01
-8.235237704112624568e-02
-3.922036190553979118e-05
-1.308412773816265973e-01
-4.507028050849573586e-02
-1.048402597661006637e-02
-2.424053876484417724e-01
1.329442760688218927e-01
-2.951828942788503607e-04
-2.637814492792249776e-01
8.503336227456775864e-03
-4.262689858276029475e-02
-2.286767077345593091e-02
-1.025430832724407992e-01
2.225021293641291781e-02
-2.211118368338892970e-01
1.156319488851877131e-01
-3.095819327026512469e-02
-1.063418385665588634e-01
5.419849495077094792e-03
-6.377162581991213663e-02
-2.325230029459273429e-01
9.909906780873045662e-02
-1.264483925291820798e-01
-9.881510624760562328e-03
1.403710498294045983e-01
-3.187508164324046045e-01
-8.787914658002160539e-02
3.333529356107490793e-01
-9.887450926561681952e-02
5.471916863971711120e-02
-4.105529941476854239e-02
7.298664146389101208e-03
1.923071770153592375e-01
2.498464764880557049e-02
1.457033998551174880e-01
-1.929104337550012205e-01
-2.284328504542582072e-02
-4.859787284381934108e-02
6.623300821485741952e-02
-1.010397570949455454e-01
3.761522314388938970e-02
3.816379243169271823e-02
-1.812111498821469269e-01
1.470339766643304069e-01
2.279655995563696080e-01
-8.663531398242592385e-02
7.519966499939995108e-03
8.499143911918762007e-02
4.272292131657940972e-01
9.503037326455943123e-02
-2.807690676462171187e-01
1.533098069671943731e-01
-1.770335705235683288e-01
2.148111911821337303e-02
-1.344215710695143562e-01
1.024204278608549651e-01
2.613355567233176524e-01
3.641843226269321221e-01
-1.267427684092903573e-01
1.232166452803665213e-02
-1.332848910422010646e-01
2.958153302154769571e-01
1.130318799008600550e-01
2.607662746586317248e-01
-8.060904425592765876e-02
-9.632331662273910244e-02
-6.947260255319054334e-02
-1.301850225243401105e-01
-2.926153861462645056e-02
2.640128759033066874e-01
-4.250136674967324585e-02
-8.843776160277065645e-02
2.705260589399146043e-01
-7.400681541497179661e-03
2.343529749870709167e-01
-1.842698929719813195e-01
-1.680411972643398866e-01
-4.005108060114143109e-02
1.236619804196391059e-01
1.608460600940288532e-01
1.877464073996613636e-01
1.881616883411501018e-01
-2.076170040432927799e-01
-1.406546101022252970e-01
8.560072353085645958e-02
3.310166524952906086e-01
-1.665066726258372654e-04
1.630393576803317729e-02
-2.300819840440919972e-01
5.856131162957763786e-02
-1.443462545042819289e-01
-8.283881335482808084e-02
-6.203093963759512275e-02
3.979448219488254668e-02
2.785250738483547872e-01
-1.697616166002497984e-01
1.882211224300509023e-01
6.973042013121013571e-01
6.026433459418185923e-02
-5.990895859131968593e-02
6.386681881546535378e-04
7.020843435332655424e-01
1.957793251630403908e-01
9.890119105828398816e-02
3.109913619220059933e-01
1.260100886679269006e-01
-5.494119110560851116e-01
-2.251176116995381171e-01
2.416227073411233647e-02
-4.126948795934047565e-02
-1.237176804545712105e-01
-1.236493665291317767e-01
-5.294496880234203506e-02
3.011354198751817202e-01
-1.152931685505685644e-02
1.512793250754730923e-01
-8.966082114531498393e-02
-1.624759321247258304e-01
-1.005944961750327576e-01
-3.482881506073665784e-02
4.284707757727984623e-02
-1.189680569751424971e-01
2.362809513482768686e-01
5.364879568583638680e-02
9.375529909044812149e-03
1.896961674006747145e-01
1.178088833904056276e-01
-6.182567256447038528e-02
-6.433430719992072611e-02
1.032517452964578780e-01
8.984632790125998691e-02
5.938093348376037861e-01
-1.215114075747111833e-01
5.565858148728348720e-01
9.896520386830162663e-02
5.870664400063414501e-01
-1.349163742775738861e-01
9.249935028913364166e-02
5.472777864240888634e-01
