-7.987269717609953856e-01
-5.191430318830470014e-01
-5.307032184653793783e-01
8.048254387826737632e-01
-4.912252963943487538e-01
8.882038134699703491e-01
-8.359847095665171590e-01
-4.456893299751108622e-02
1.367287922615437745e-01
-4.975804062957875917e-01
1.287135429394194786e+00
1.994868154397904103e+00
2.170244446415448003e-03
5.976139880965511963e-01
7.622148913415921490e-03
-2.034100086693934051e-01
1.204280759850618887e-01
1.141661635231960847e+00
2.201404010841449266e-01
2.998417714863355621e-01
9.013279516306027528e-02
2.978818559913369302e-01
-3.379414215668328225e-01
-1.762231935881185263e-01
1.400796931183564631e+00
-7.716862560475183930e-01
-5.328475392661523313e-02
1.098576271993507047e+00
1.237822216952665366e+00
-2.997678556558072138e-01
7.675543590558575602e-01
2.825748898274596521e-01
1.040635819789083039e+00
-7.279933756047279880e-01
8.336714644171634714e-03
5.484489237395187566e-02
2.616271583330799788e-01
-3.729231543225774298e-02
-2.795574118737364500e-01
-9.011845927779363330e-02
1.824351472931366458e-01
-1.653724462453191046e-01
-3.293298449267153538e-01
-6.955957179960187142e-02
8.148934362639534412e-02
-6.683408600251714016e-02
-4.091760990137309206e-01
-7.487659518932623937e-02
8.225565882886544111e-01
-4.404275068488899825e-02
1.184298733803230474e+00
-6.205829714943152942e-01
1.028698224635366421e+00
6.219122450446652461e-01
8.059905515488474670e-01
4.862495793743205896e-02
-1.627440143200399245e-02
8.108650564294425656e-02
-5.735490919285435307e-03
1.166653131947724409e-02
1.270495252676301590e+00
-3.101665860548783460e-01
-3.799036842327162961e-02
4.175225283454680469e-01
6.367398092896439099e-01
-1.145948451453932537e-01
-9.820499723873984399e-01
1.034016733965754220e+00
2.592368068926040325e-02
-1.673514798936640013e-02
1.340830691941099051e+00
-1.969547720984264894e-01
-6.985038138685691900e-01
6.096448993371330616e-01
2.682863703696303226e-04
-1.339620945793940365e-01
5.324834069686934512e-01
-1.732150598116777296e-01
1.205527194190699480e-01
-8.199027654273709498e-01
-2.465273533177793908e-01
2.523983071836050779e-02
5.581916310036086348e-02
-7.775322674111955212e-01
-3.692425454558777576e-01
-3.797555159868176711e-02
5.956973254314736899e-01
-5.984921989497683503e-01
9.536010557804058818e-02
-2.286981681287254542e-01
1.450815264176347485e-01
9.778717135563854690e-01
1.142604704804296156e-01
-7.418104149894005905e-01
-2.060744748280453342e-01
3.154592261353371674e-01
-2.499190862391766355e-01
6.613520607091584180e-01
-1.028610289953492685e-01
-5.289138121057246344e-01
6.596524871028228709e-01
8.261632840097123953e-01
1.001352682270927053e-01
2.073748582772929061e-01
-1.251169168825762290e-01
2.912345665675796225e-01
5.158777633968866100e-02
2.404289745828436242e-01
6.631366121791635315e-01
4.018684652867935414e-01
-1.012288659040559313e+00
3.711782830444099179e-03
-5.499869982987071193e-01
-8.569703131233652460e-01
-9.098525399375232414e-01
7.766706308775495060e-02
5.634421221857637274e-01
4.902694193963121894e-01
3.064048766128728007e-01
7.713396253723077134e-01
1.005607303262680663e+00
-4.875751279384054060e-01
4.976331341089863525e-01
3.236684305687511087e-01
-6.780021485165121931e-01
5.614270854628196084e-01
-6.101271508227569529e-02
2.865885347026091989e-01
8.174699459609648111e-02
3.319417828439602536e-01
1.072610327765905897e-01
1.537092958460197223e-01
3.459332393470982980e-01
1.132776060156100995e+00
1.231878471801637565e+00
-4.659357478075181191e-01
-1.092210918018628463e-01
-6.697332949763804555e-01
1.216398333729873826e+00
7.253237515316702799e-01
1.114427860850412566e+00
-2.322851323686549729e-01
7.187276797647692561e-01
4.883241936207200484e-01
