-3.657734198655746699e-02
3.893624573460419819e-02
5.070802232622071901e-03
5.443530983907715615e-02
-6.778108430437972294e-03
-1.933737015879666982e-03
-2.334244253394485505e-02
3.030227247049507508e-02
-9.324119655920393157e-03
1.591738247706112400e-02
9.921562677006132147e-02
-2.779624829612026629e-02
-3.967020907079088499e-02
8.401956851462502596e-02
5.418977413972035917e-01
1.820938653756109735e-02
5.419786848944113666e-02
-1.473266353215525737e-02
-7.697951326388413618e-02
-2.471169900984154788e-02
-2.293878604883365854e-02
-4.520877238761619038e-02
7.689356450820138134e-02
-5.793531754965859648e-02
7.289272744379349245e-02
-5.255929802433149944e-02
-3.109000682393800105e-02
2.848615772772242899e-02
3.536876052337278864e-02
1.976253032278053531e-02
-5.587207173458510479e-01
-1.796277763262282487e-02
-2.685882774161977432e-02
-1.050921450608714551e-02
-7.006437960226817585e-02
-4.853259335703020982e-02
2.256759038636541731e-02
4.941678461483431026e-03
-4.412991415829872061e-02
-5.352039272699465888e-02
3.030989598230086901e-02
-1.231234992086682745e-02
5.287742157499639162e-02
7.690325148498333707e-02
6.691045519479776882e-02
4.808782172063135602e-02
-1.773112860009215530e-02
-3.540802904381215588e-02
-5.518941512134176164e-02
-5.376859304172657700e-02
-7.473086689882948996e-02
-3.076672452296699833e-02
-3.636515249986167070e-02
-1.575799980805683148e-02
-2.297850401582443580e-02
1.355774346993037643e-02
-1.177899145050987501e-02
-3.107811814231684414e-02
2.038022525563292636e-02
-3.152408800433622454e-02
-2.214644688593470426e-02
-3.400066132133221231e-02
-1.045826383945757665e-01
-4.176310000877692108e-02
2.966678615618556503e-02
-3.003254350354480143e-02
-1.391462761070187508e-02
-3.163322039852094897e-02
-2.546009643861429222e-02
-5.145845789999849845e-03
-2.669753110467092128e-02
-3.150333167493711561e-02
-4.892513415671660704e-02
-7.294832484901484643e-03
5.461788479356378262e-02
-1.662594850546457448e-02
2.142618518333150660e-02
4.312576355098039771e-02
6.305416773030042554e-02
-5.168701097829515867e-02
1.749081238888328810e-02
-7.708692571883297984e-02
-2.954491493525070178e-02
-2.290808277723558814e-02
-6.006131888280667047e-02
4.025443512784295658e-02
1.209416230490066926e-02
-5.360488550133868380e-02
-4.288517945630149208e-02
4.228762239950299706e-02
-2.843116591740105920e-02
4.903985671468168855e-04
1.737915821098175162e-03
-3.899678570974794006e-02
1.864833454711504676e-02
-3.397783776997034128e-03
5.098259343163579968e-03
-5.215797617686229737e-01
5.162701850456876684e-01
6.978524107822990652e-02
1.306565379706187413e-01
-1.548197849480445476e-04
7.423292860403621352e-02
-8.355347190104565891e-02
8.030848259825090762e-02
-3.727741819519131070e-03
-5.171841221266451072e-01
3.011613833819824088e-02
1.461539893315748004e-02
7.887005575549921321e-02
-9.671153076928572928e-03
-4.316341925849048744e-02
-6.835897395213214045e-02
-7.493779422552857006e-02
-1.496303634218976164e-02
2.016281869058749246e-02
4.648892213157739678e-02
7.011791752784034618e-03
4.439874943001570484e-02
-4.423423176744013807e-02
2.814893696142089369e-02
-3.074292923670055716e-02
-6.829167790913387437e-04
-2.892955921285794013e-02
-6.818732349332282117e-02
-3.381698611989417125e-02
-5.737835882522639153e-02
-5.209530020779050696e-01
-7.321851341616292252e-02
8.652586065656411862e-02
-6.396461030270077230e-04
-2.402878187993012088e-02
4.404305141036710114e-02
-1.731050585032859745e-01
9.003659332235420393e-03
8.011316755185113325e-02
-5.333812762888529013e-02
-4.777290897690914667e-02
-8.736425997044272584e-02
5.359815733151191974e-01
-7.955010863509039132e-02
3.761090929510183672e-02
5.183165407708724137e-01
1.095649199728136389e-02
-3.184665176244122486e-02
2.961010306568200023e-02
5.948285094693351455e-03
7.356387456217226145e-04
-6.858260169251013949e-02
6.771707349615119220e-02
3.981074107757472808e-02
7.831204480805055435e-02
3.151858720678406278e-02
6.217839720383022684e-02
-1.400078306864816977e-02
2.865568279193095313e-02
9.251491096395642044e-03
-5.185111853225503331e-02
5.752383551887789437e-02
4.704032843686576509e-02
-1.716037233979492149e-02
8.497147353583836549e-02
5.009877879702079317e-02
-1.615165357950603883e-02
2.050965513676327595e-02
-2.235289644761993821e-02
2.294386896031020556e-02
-5.095958049552411495e-01
1.837291057080181478e-02
-6.276558696192884035e-02
1.145840999363094415e-02
5.076696843489475475e-02
-4.315036498218321331e-02
-2.051272352456515874e-02
5.394923546938564796e-01
5.324267179304025266e-01
-2.304696719076066574e-02
-1.776110489756451555e-03
4.437196611702122137e-03
-1.194348842577309666e-01
1.657632435056141662e-02
-4.783900486484257697e-02
-5.212677669411942133e-02
4.545507501204355816e-02
-1.924921077333513822e-02
-5.984809810797221685e-02
-5.434864145853698925e-02
1.292212705877392349e-02
8.078642426413543132e-02
-5.820033648557507849e-02
2.994743532378455961e-02
9.662484875645152571e-03
3.205902569527966511e-02
2.909616311155372240e-02
1.192775967634488246e-02
3.133026729068805888e-02
2.278630959030417472e-02
3.657943995210048704e-02
4.628523437504647800e-03
-5.818196228397309877e-02
-1.907970025735370584e-03
-8.586305533421076386e-02
2.577910817654002415e-02
-2.815830490573691461e-02
9.039918200670200854e-02
9.460101231031683988e-02
4.987745340240409136e-02
1.057825964550058034e-01
-2.878386947123714665e-02
-2.873588027805932393e-02
-4.933889972427418780e-02
-4.592640971496262173e-03
-1.990050330619692887e-02
-2.297426310286964507e-03
5.021501361693717774e-02
4.021804400098576149e-03
-2.834737511639154675e-02
-1.814787157772556475e-02
-1.360844749895254516e-02
2.188128317120365679e-02
1.383323500541651374e-02
1.184522103028532412e-02
-7.517148830385636527e-02
-2.429661277988125201e-03
1.019802001227105015e-01
-6.690861151725992217e-02
9.325092607358015373e-02
1.448605993660243701e-02
-6.274158098240777137e-02
9.328528531971816418e-03
2.208513253961634504e-02
-6.090285774969256272e-02
1.678252793287698594e-02
-1.159522905595826436e-01
2.775273837555282397e-02
-8.684613847903407957e-02
-3.712418118604317308e-02
5.180404319487065534e-02
-3.279854199868496856e-02
3.559454143161379369e-02
-5.423797060087601762e-01
4.263197618165277814e-02
-6.483218350740435620e-02
5.096728978786926323e-01
4.887917784186435188e-02
-5.252834230240203961e-02
5.193847195702685493e-01
3.781872546886580477e-02
3.298946377351307663e-02
6.395818056191680812e-02
1.860467462139374015e-02
-3.549163363199789312e-02
6.352454545605391856e-02
-8.289119489119217699e-02
1.551248573212721769e-02
5.512213079812453564e-01
-1.508859019166523818e-02
5.552687296901754471e-02
-6.998252226797266329e-02
3.282336799355280860e-02
-5.048713993985912141e-02
6.058914967115582723e-02
1.712757508186386890e-02
-5.395082814253614190e-02
-6.025429144608056981e-02
3.146271827306661162e-02
5.762646368000030606e-01
-7.026288358880539153e-02
1.136262103609364874e-02
-1.564877359969139847e-02
