8.118278456022484657e-02
-5.644441427460387128e-01
3.242229989785143651e-01
2.827538295910252963e-01
-1.841954823355503867e-01
2.054108595794247316e-01
3.433406490961273816e-01
3.368612981602876477e-01
-2.940146398349985368e-01
-3.542135540386150416e-01
-7.474584063887153018e-01
-6.897039122938120048e-02
-1.614729117171494754e-01
-1.276280260219979423e+00
5.303954023787641470e-01
-1.133642378015589758e+00
8.243580844370044236e-01
-9.578891246074469068e-01
-3.342356610630387026e-02
-5.476492401357065942e-01
8.352065284235719034e-01
3.852459331028274536e-01
-2.292464441532934272e-01
-8.921013430384168164e-01
-6.202465092133515601e-01
-5.734550280657482180e-01
1.404184979187315663e-01
3.112577772168739765e-02
-5.571817117717707823e-01
-7.635758689809004629e-01
-1.461309318135652902e-01
2.787698256752977333e-01
6.549141409956454885e-02
-2.695013055213190678e-01
-3.963327186402360591e-01
-1.182005450700561067e+00
3.144774550783833722e-01
6.372003613825887036e-03
-6.530291571487427671e-01
-3.793728894440068777e-01
-3.613609226291102372e-01
-1.064940993171415329e+00
-1.301700664777323824e-01
4.517899976141134255e-01
-6.391694409296216906e-01
5.431081511167266118e-01
-8.692688604523920448e-01
-5.105170217018918377e-01
-8.374741104058996966e-02
5.288985967426682588e-01
-1.005504548186709313e+00
4.173705706796632109e-01
-4.845372034141404161e-01
2.140885194847341189e-01
2.210575219174975292e-01
-3.528092738002193696e-01
-1.977725890791965924e-01
3.119167218352318291e-02
1.300305823714382747e-01
2.347044936016771666e-01
4.086449544732313477e-01
-7.016619370494852070e-01
-5.903306820478260164e-01
-3.960384869167518640e-01
-4.572406999097218816e-01
-1.586567963969331141e-01
-1.228026679449249814e+00
-1.114535200834217754e+00
-5.009489306315140222e-02
-1.612447395590074772e-01
-2.117030366838423827e-01
-9.457667077652256449e-01
-1.279451384475441544e-01
1.355894441260337757e+00
4.469961926823406984e-02
3.956456568218435499e-01
-6.589117207366044227e-01
1.775785200251112084e-01
-3.346567798783361414e-01
-6.040979623318570857e-01
-6.044111838433237072e-01
-1.945418415128907785e-01
9.272664734922253515e-01
6.639707065705806599e-01
5.904866282378918863e-01
-1.493120863145548927e-01
-4.395485395282436314e-03
2.102026674783143978e-01
-1.594334436740873606e+00
-5.991469105494604541e-01
-1.927388895030903160e-01
-7.772743591683800579e-02
1.981215192066740349e-02
-1.219501201767996257e-01
-1.190914318233470132e-01
6.453450995351793784e-01
4.958491071193403266e-01
4.980815681290030050e-01
-7.284017663075397220e-01
1.201784310547485551e-01
-6.432601225922428556e-01
2.006177779352741330e-01
-6.687591443126376933e-02
3.543400517809797146e-02
-7.238513079926475746e-02
2.067421306966946704e-01
3.543952169683125542e-01
-1.898712554054548529e-01
-2.431719726947615401e-01
-1.639189196509627244e-03
-1.081833281234647059e-01
-2.548919234843198267e-01
-4.864925006997772861e-01
1.720512190653927798e-01
-4.633666767554059929e-01
-1.973610124076228267e-01
-1.001040209884925258e-01
1.807409830184528998e-01
1.342133209406212446e-01
5.577635062042902714e-01
-1.103274462045943594e+00
4.387388581791911712e-01
-1.197146782779728191e+00
-6.055480541081696977e-01
6.566274439228075854e-02
-8.614791279602601604e-01
-4.865707329833771078e-01
7.232964494624049001e-01
-4.375543552221361487e-02
7.025070592011284365e-01
2.068962300724240810e-01
-1.076835124896190710e+00
7.479153743936147736e-01
-1.742257192984221215e-01
1.747037419638663991e-01
2.882922428254201530e-01
-5.485699068063448758e-02
9.430774243578790572e-02
1.606846786430978780e-01
-9.657983560476797180e-01
-2.149683968074106444e-03
6.002417672774654767e-01
8.294867721463552446e-01
-3.277587687648455539e-01
2.131873556740191966e-01
-2.531737315487743167e-01
-7.970553422035751012e-01
1.352374333774028492e-01
1.310748808849274916e+00
-2.636939683223739617e-01
-2.990859459549641830e-01
-2.010677697887500170e-01
-5.828814921143672390e-01
4.490022340579475357e-01
3.697669106425822694e-01
-2.739282537764337055e-01
-7.178990466209062005e-01
1.997780544587116902e-01
3.961959764470506795e-01
-5.471284814163455135e-01
5.096594873359099331e-01
-6.179367993413206056e-02
9.156457802634637710e-02
8.939870839446363293e-01
-8.993178624837466772e-02
1.814900216591147641e-01
-4.127518948618525974e-01
-4.657367718370096776e-01
7.459838895993720076e-03
1.883259635506347451e-01
-1.102253195101443595e+00
-7.416738470615016343e-01
-2.457348467581448870e-01
-9.944773967181101959e-01
-8.211507897067421569e-01
-8.131029279923792652e-01
7.713468999075847599e-01
-1.379353559717013122e-01
4.890615212349963548e-02
1.485540117209246391e-01
4.279619219968377464e-01
-3.465026207563826066e-02
1.004409615682594792e+00
2.415392331327269881e-01
7.129069057412803501e-01
-1.031095346009597069e+00
1.428631055053651011e-01
-4.494449199930786176e-02
-1.257410440816982833e-01
3.116473414053237967e-01
1.284300951680007463e-01
-1.433982075139658696e-01
-2.804714334791526542e-01
7.837128110564814953e-01
-8.533775394776599299e-02
-8.166295269383354594e-01
-1.255394055084239957e+00
-1.039539851804946347e+00
2.232530220138164712e-01
-4.074135908942649875e-01
2.492927937758055990e-01
1.007092116697184458e+00
3.709856219857055049e-01
-4.094023708029915776e-01
3.832533271801125130e-01
-6.611598498073931740e-01
-3.299567585270113956e-01
-1.185231586481164390e-01
-3.371663144027740588e-01
9.589546638639695475e-01
-3.806211161073241867e-01
-9.696327845021517344e-01
8.117950824023862921e-01
4.322816744570847636e-01
3.629367145370948622e-01
6.981084504408295865e-01
3.691497465332653771e-01
4.851250685335455337e-01
2.980727635644597751e-01
-2.296738653028660149e-01
-1.674333241451320120e-01
-7.722463068614757731e-01
3.834577820956848182e-01
5.942750824196977311e-01
-6.622817824522845287e-01
-4.931776005507664262e-01
-6.516155268826107072e-02
-5.971880049628155440e-01
1.752546584361737714e-01
2.130265863208461591e-02
-2.341004760557051367e-01
-2.372785784543544330e-01
-1.813536709871782504e-01
-4.585939663068309136e-01
3.612233676757412026e-01
-5.507800091407593079e-01
5.263435810718843921e-01
2.348982052978672019e-01
-5.364789228873175775e-01
-6.031088711873302532e-01
2.649083574050619672e-01
2.088688107603201005e-01
-9.395982100169548712e-01
3.076671451421616466e-01
-7.895532995246918873e-01
3.485522512330047618e-01
-2.804983436989496037e-01
-3.768530330343871082e-01
6.249372958380392529e-01
-5.866496221420357537e-01
-1.120895357798374903e+00
4.926108112292796881e-01
-2.176573977075627608e-01
-1.026782512895394878e-01
1.811286744255494463e-01
3.872976656551089247e-01
-2.139081975107922085e-01
3.329814992619509195e-01
2.534853290493523370e-01
8.579722857255892565e-01
6.434539899453697309e-01
-2.980101575569469308e-01
6.895271323547484954e-01
5.495692115253151266e-01
-9.336356457397068098e-01
-4.903601446371899097e-01
8.231499379564282126e-01
-6.389611572205652346e-01
4.704747759355871195e-01
-3.394520828352198816e-02
-5.334110472223358990e-01
5.673751538091300617e-01
-9.449612795376378660e-01
-9.563838203517582848e-03
6.051032096024908657e-01
1.169561025184822523e+00
-8.506814472761212720e-01
3.451188263875103468e-01
-1.216405968525788417e+00
1.016894509106851530e+00
-4.363271747107652643e-01
-1.079005524881259392e-01
-8.271365721794463610e-01
2.485291220233470932e-01
7.943641804146089891e-02
4.258843365881888610e-01
-9.371833464010268511e-01
1.586166003463416185e-01
-4.895120054509405350e-01
4.486020863917229984e-01
-1.295589524012281113e-01
-4.687158068013468903e-01
-3.448946057275323329e-01
-2.815897364256486624e-01
-5.121556205883990298e-01
-3.719634486015173103e-01
9.830585522079229865e-03
-7.900059748067805865e-02
-9.036144003346474607e-02
2.839346441167447388e-01
-5.189118989227335943e-01
4.590046723482840152e-01
-1.054097446983938369e+00
-7.077876339967061892e-01
-1.137418079633210066e-01
3.049834009977692162e-02
-1.035708346272120328e-01
-4.159291622906592378e-01
-1.251224671820409529e-01
-1.412066811938947897e+00
-8.600446067972389308e-01
1.496941975612685605e-01
8.643586351067632512e-01
-8.852885283487310630e-02
1.137187140688433296e+00
8.649648137146946636e-02
4.268085858754205875e-01
-1.954929158027114700e-01
9.998967119249009272e-01
3.865183000818777637e-01
7.463462735440693496e-01
-5.186960443441297475e-01
-9.708229485140904558e-01
6.842462235456804320e-01
4.278994648564254932e-01
5.479133480686946278e-01
2.977035471039053000e-02
1.935633317132932907e-01
-4.306489458536206238e-01
-7.237094175195903922e-01
-3.440485102172538001e-01
1.884264452345026375e-01
1.180590714491200455e+00
2.248483871406169454e-01
5.820406671999822645e-02
4.607852038129076622e-01
1.015244724756987904e-01
-9.327139657970883180e-01
-9.746795066856031031e-01
6.695278968568700861e-01
8.871824780950468003e-01
-6.098017255663490399e-01
-2.014412982691238252e-02
2.518902258057495458e-01
-8.035586309504644253e-02
-3.100370300543164315e-01
9.178596101228149173e-01
-2.321741099143765918e-01
-4.387717862213407205e-01
8.091228285668591313e-01
2.617483964912514782e-02
-6.350362899836703434e-01
1.887404787097285430e-01
-5.151167044861019173e-01
-1.314619299538466457e-01
-4.243552276483534835e-01
-1.654810767234808910e-01
8.360639281447615478e-02
-2.515337519313280978e-01
-5.424572755225820497e-01
1.041846296975086766e-01
1.648053931342393363e-01
-1.575168169544374080e-02
-1.501776749992418947e-01
-1.520516281537614700e-01
-8.268910118707269996e-01
3.573186203313289400e-01
-5.676546054673249353e-01
-1.183224207746663703e-02
5.288651095335712427e-01
-3.808420154027368221e-01
2.158356585643401160e-01
-1.408959899395199611e-01
-2.334393661640938311e-01
-1.502333036777036557e-01
-6.740202536939463585e-01
-1.432855934290273303e-01
-6.510479630351312386e-03
-7.558287645837491464e-02
6.794998922427581967e-01
2.702433598435690643e-01
-1.491110285045671446e-02
-9.488555989901115151e-03
4.375391889902860987e-01
-5.026353621437715247e-02
2.254727821697544987e-01
2.466511951111752254e-01
4.542017592512516133e-01
6.854473142954073950e-01
-1.479303076631733882e-01
3.510337563257088789e-01
3.107960522974664297e-01
-4.680471096734548642e-01
-3.411228815618210231e-01
5.215189635027546178e-01
2.623293282334119292e-01
9.100926160222677641e-01
5.020448617975766803e-01
-5.684512073302812052e-01
3.612945439709352446e-01
-1.225858753057856160e-01
7.064616697403086620e-02
9.643378677491087902e-02
6.157248829461253736e-01
2.641773033450426356e-01
-1.230845962530439514e-01
-9.604340654652313014e-02
-1.187151022440688264e+00
-6.536763916800402141e-01
1.266429355875621221e-01
1.255458583137093742e-01
-4.191660026323686394e-01
1.807867490655487575e-02
4.430453611090733324e-01
2.084257360949091364e-01
-2.345034298260324501e-01
3.203490823774696183e-01
-1.207987883013902586e+00
-6.454958322636719092e-01
-6.012247624630241427e-01
5.783190148863787128e-01
5.156108575539626315e-01
8.905250073559676238e-01
-8.297484362822725723e-01
-9.976440161209292334e-01
-3.256405477126201875e-01
-4.787544532033168321e-01
-7.356076290724655742e-01
-8.309465347072764185e-02
-5.277146713866907035e-01
-1.090185724036869114e-01
3.419926511984069384e-01
7.466610088463693229e-02
-8.624965332103390336e-02
-1.944239197954149845e-01
2.789039811485251597e-01
-1.211955337406523281e+00
2.124614241111547064e-01
2.988712361634486281e-01
6.854203709080494700e-02
2.857535165995880311e-01
-4.872083274457744695e-02
-3.336644308136395010e-01
5.393592979692526379e-01
-1.144594906526199551e-01
4.833050290496928442e-02
-5.956564386708174119e-02
-1.422728712227866454e-01
6.260676317233552224e-01
-7.596498270672138453e-01
-1.039835252511529529e+00
5.226855079388369463e-01
-5.734468893430832992e-01
3.236534677967613516e-01
1.087275599096819256e+00
-6.916092675211175933e-02
1.106459086925328128e+00
-7.297073232417743416e-01
-6.353993039490271610e-02
-7.658286594585579365e-01
-6.798630457400473004e-02
-1.871545060288778983e-02
-3.423319140368686897e-01
-2.024254827624509534e-01
1.730748425224934439e-02
7.758083970662535966e-01
-1.089802528991827613e+00
-4.977770510464363252e-02
4.269746043891677889e-01
1.576638687677299755e-01
-9.235014112468958869e-02
-4.433910482794703456e-01
-4.733301164521258042e-01
-4.329401495455007520e-01
-3.618929233818413138e-01
-7.410408028535815372e-01
-2.901517852227465388e-01
5.955251156507275212e-01
-1.703127101859649162e-01
-5.610649520636308285e-01
-3.118489869583086493e-01
-6.352511276340905289e-02
4.950208127801742353e-01
1.627410063473971880e-01
-9.883339823964556459e-01
1.477386051532321720e-01
5.783695980170716622e-01
-9.278044695468956604e-02
-6.254861428310048987e-02
-3.397342340761574930e-01
1.936460326230643458e-02
-2.812742223579334788e-01
-8.966305136961898459e-01
3.213258302325116555e-01
-4.281485358504154570e-01
8.206942809130276517e-01
-6.300668517310157313e-01
5.709186170680702332e-01
4.865540989054381038e-01
-2.119692711566029120e-02
4.916971783574933808e-01
-9.280246521312937591e-02
2.256267496117596028e-01
-4.548951274299047887e-01
1.038628534420075189e-01
8.302995199596803211e-01
-3.937950392286962975e-01
2.861405979764213847e-01
9.043630933634835833e-02
1.491976487747138091e-01
2.856662407307014040e-01
-5.803978683178317999e-01
3.122766680109277382e-01
1.388840303459160319e+00
-9.166573198614684781e-01
-1.825491346622692412e-01
-5.648913208161033817e-01
5.887141037547292122e-01
3.838584353374552838e-01
-3.049733262151840124e-02
1.250696725990498859e-01
-3.487379378823863840e-01
-8.096249847475466277e-01
-5.592749289130659607e-01
-6.381303648158752617e-01
9.611977400075702449e-03
3.451123935726789771e-01
-6.420480906117025377e-01
3.914366090182649360e-01
4.526079478567411885e-01
1.112152397674167625e-01
1.125475026378345567e-01
-6.752909570817908214e-02
-7.822492011171322535e-02
7.316162593079122978e-01
2.579585031648753413e-01
6.465476041537958629e-01
3.705383207873669815e-01
-6.079062274554893897e-01
-1.130005370800835074e-02
