1.102793457786645503e-01
-3.418996182602602740e-01
-2.596549532854465214e-01
-6.153498697927558547e-01
-4.449163046592945481e-01
1.919875715435455377e-03
-3.069784664764733662e-01
-5.341538275016940451e-01
3.446805749413144326e-01
8.503405147998102098e-01
6.183771674072913171e-01
5.433826858222201572e-01
8.441570357835208593e-01
3.162611011850433584e-01
2.406248959208598381e-02
5.274563529631506320e-01
2.423787754206402911e-01
-4.366091401806064809e-01
9.411586643452000966e-02
2.209470677316339726e-01
1.596823897880893239e-01
1.963680158099589124e-01
2.607482281351513054e-01
-1.139802969564497059e-01
6.896519643701244373e-01
-1.632510528900087687e-01
-8.511376772621701559e-01
1.266758712773958795e+00
6.037394534286480430e-02
5.944562477513909426e-01
6.011838750426309330e-01
2.829807991339181039e-02
3.834970204298809859e-02
5.509571485601933993e-01
5.712934747564069049e-03
-2.531643213853342761e-02
3.579641709989594967e-02
2.012577347049990806e-01
1.220763415378149780e-01
2.510155909223084625e-01
3.205653084230634664e-01
1.841161789417714023e-01
1.639552011634796691e-01
-3.617798542843368992e-01
-1.143351993537488287e+00
-3.389782148763691438e-01
-2.732383795021329775e-01
-1.289531962944708010e-01
-7.532817913073304172e-01
-1.427293599970673177e-01
9.811516711067551633e-01
2.320363696268157305e-02
-4.979137882643974722e-01
6.370623850514512965e-01
-1.261258685676909241e-01
5.588095147010089248e-01
-2.811799135767261704e-01
7.239622542478849065e-02
-5.472409483160639576e-02
3.559134905661200110e-02
3.063655099669056470e-01
-1.508867135903356471e-01
-6.827970527570902115e-02
1.315541411174132591e+00
-6.846364832767788677e-02
3.551451360038247462e-01
-6.257079227977737634e-01
2.240364282358558445e-01
-9.586145955793514695e-01
7.003139553443331611e-01
-1.255382133486354079e-01
-1.561844055694153466e-01
2.925809122480772795e-02
-2.938590417585089098e-01
-6.451308018527681654e-01
4.033513022956131677e-01
-2.256085289485491308e-01
-1.204967610236558628e-01
1.850070018802067728e-01
-5.201809668264675279e-01
-3.950538246542578125e-01
5.813077342170637207e-01
6.622718867545531740e-01
5.420159633690768697e-01
-3.846783051705373463e-02
-2.317032096530893259e-01
4.631030266911644877e-01
5.269483087697268697e-01
-5.004272080398284306e-01
-2.744093462854811927e-01
4.133641814348054666e-03
4.048246406206329473e-01
5.915089139979406996e-01
4.957962516268442643e-01
1.198994461227806119e-01
3.940480643954272222e-01
-2.702007049326936028e-01
3.274718060373754125e-01
-7.109851065599936959e-01
3.551780811358377088e-01
5.087447286771926702e-01
-2.404468826581517837e-01
2.129242847458621135e-01
7.377136936371370135e-01
5.812220106529395469e-01
5.875323389322484324e-02
4.794165637561027538e-01
-4.301529751429394866e-02
-4.837208393544625284e-01
4.559904072613205073e-01
3.222608793469634580e-01
-4.313071514677734308e-01
-8.358954925701331806e-01
-9.156758043003870862e-02
4.424789229917803768e-01
-3.585918607552612269e-01
-4.557755582538920991e-01
1.112259913302954817e-01
3.742184806364369787e-01
-2.173298275015943526e-01
3.570240032057139801e-01
3.847112080631966968e-01
-1.685283081359244539e-01
-8.279533954049847488e-02
-3.262944865747161582e-01
-4.328306752382723999e-01
-6.674991831559110578e-01
7.018631978853124842e-01
6.705155350574452944e-02
1.619440288726031740e-02
-6.807648869841071981e-01
6.720528407318779873e-01
-6.187330413974734267e-02
-1.207925417575422267e-01
-1.105625073231891048e-01
-4.399602929483084068e-01
2.313294855755025081e-01
5.942055724944674822e-01
5.118852681296184870e-02
3.699156918551494977e-01
-4.129045525043406606e-01
3.521938576365639673e-01
-1.788422944978509260e-02
1.902656064277303272e-01
