-1.253043304699443250e-01
-8.784147684281908841e-01
-1.342289809849540605e+00
7.075354090424185172e-01
-5.592330870378845464e-01
1.105500097635373491e-01
-3.226881876983237474e-01
4.622515141910519265e-01
2.672398916629437071e-02
1.827105234499557085e+00
3.009501637690923936e-01
-2.173782637223489633e+00
1.036722812473843236e+00
1.204527488433619675e+00
9.851440741289008152e-01
1.457195479410768879e+00
1.306690144997826097e+00
1.190840310882108843e+00
5.254277078293225767e-01
1.501311321723294845e-01
-2.291530848778910112e+00
-4.194694816564586981e-01
7.955119511068173277e-02
6.850374290261322940e-01
-1.662112162886957067e+00
-9.822415006335308285e-02
7.292202051581324618e-01
3.378888415519181732e-01
1.135100742783776928e+00
-1.228895831770424163e+00
-8.292318706899056702e-01
-4.209039836323067441e-01
5.774989928211565759e-01
1.207397900769819621e-01
-1.855566788409504175e+00
2.103712304877690953e-01
-1.892020895391516300e-01
-1.051389227359221135e+00
-2.106810456735024872e-01
1.210223223104489598e+00
4.559183263421346943e-01
2.106520123204445871e-01
-2.092389884713235504e-01
9.656313484329203112e-01
-1.746604112829201805e+00
-1.143505113158416631e+00
-4.389597778315584842e-02
1.374687134302860603e+00
8.812378658066422066e-02
-1.917890352751875582e+00
6.849276108640560690e-01
2.462245254106573966e-01
1.058019884581173686e+00
4.291895074430662760e-01
1.197262864467211682e-02
1.480502839139626214e+00
-1.019504682873591805e-01
6.453630552284724820e-01
-1.160576401079724818e+00
-3.100087171751431114e+00
-6.205070444366767024e-01
-1.425087196540102852e+00
2.817771535778100245e-01
-3.202187214557112860e-01
-6.655632901053784578e-02
5.880295825866944937e-02
-1.137190401498823888e+00
4.560414739433923392e-01
3.026090095280788983e-01
4.616423034317593266e-02
-1.799455940721146341e-01
-9.620505537332473267e-01
-3.884919216960394106e-01
-1.363293186254359801e+00
3.236235296506062564e-01
-2.685293271253388903e-01
-4.667219742265067417e-01
-6.376240831339786697e-01
-7.345734828877645839e-01
-7.614481306488046775e-01
-8.585174272145061902e-01
9.490062033716193390e-01
9.307051366798643199e-01
5.431190994870856992e-01
3.477822151140447238e-01
5.095684164321719889e-01
-3.337515201595717129e-01
5.244708976290087810e-01
3.910525120685806599e-01
4.261587647618205743e-01
-2.454868663321606859e-01
3.459119212301161594e-01
1.430269213805627881e+00
-1.358436505926401416e+00
5.642702564569399559e-01
8.039718119212657665e-02
-1.408593366136618452e-01
1.077472801078200870e+00
3.251777465334683148e-01
-4.115673294542844807e-01
-1.691895940181161961e+00
-1.040413784888873094e-03
1.053405000285048354e+00
1.643016574636698479e+00
-2.549104553796272543e-01
-5.482115698691296668e-01
-6.071135199860380194e-01
-1.465750284993531660e-01
-4.589745823553756932e-01
-3.876419825787491003e-01
9.997560647881289508e-01
-5.600915820078650187e-01
-3.223351490530931840e-01
6.205983648728852220e-01
-3.878032447494804413e-02
-1.005895656974794772e+00
-4.702488048116554853e-01
6.204064050387378959e-01
2.853702478462483150e-01
8.611661905775529480e-01
1.377214130108884493e+00
1.517914337062430952e-01
5.629691363044082575e-01
3.439021947304593541e-02
-2.562925369057504454e+00
-3.619998865528127330e-01
1.527615439934193020e+00
3.078272908218356307e-01
1.804532395108489506e+00
1.854525767810492720e+00
-4.816560844897817273e-02
1.253134836624162585e+00
1.674975819442469094e-01
3.566455762150242403e-01
2.177930999272797763e+00
1.047532886576853173e+00
1.401801650768803142e+00
-1.103415368714408373e+00
3.757390028147505889e-01
1.802278045913803028e+00
1.327869651284568242e+00
-2.692562879625632899e-01
-1.302217586671135408e+00
8.362340670120562702e-01
6.843901509529734528e-02
6.815821527498588939e-01
2.388793195660188662e+00
-8.444137918489719175e-03
-1.087610101661687478e+00
-1.467363127770142217e+00
7.434406281435930186e-01
1.101186066061675406e-01
-1.660463562122764525e-01
-1.289299172573776575e+00
-5.861624904271556247e-03
3.002546695002989430e-01
3.100330474164874062e-01
1.294393852466735106e+00
-1.138799721538379384e+00
-3.236417015311323642e-01
1.662280382470785911e+00
-5.141081544869076092e-01
5.561252305573349819e-01
1.157981626209558246e-01
-1.142561604307676504e+00
-1.141149976341516936e+00
1.303729058207518499e+00
1.047138189289101184e+00
8.311758049454528452e-01
1.264429401888317983e+00
-4.115394566784011388e-02
-1.149450202427966028e+00
-1.769214301152662205e+00
-1.012026924635304859e+00
3.110750450055856486e+00
1.325769941684113773e+00
1.070407429570117142e+00
7.464502558915685482e-01
6.792297913250386898e-01
3.649407925921065998e-01
-2.161932813172311896e+00
1.927338092689785398e-01
-1.151497090051883720e+00
2.299542406205618283e-01
2.531517459162505382e-02
-1.574239600693807806e-01
-2.297869012685882062e+00
1.130685179959678988e-01
4.812190093791876011e-01
6.971430174961189552e-01
5.127113664902034351e-01
7.813542810732048149e-01
2.494010818469000190e-01
1.733955667043677984e+00
-6.377812544564916974e-01
-8.976035984250194111e-02
-1.113483763756714540e+00
1.360363987218792037e+00
3.559438074948569897e-01
1.300088145890059499e+00
7.902920080661329783e-01
4.374125981577292599e-02
1.028544706087768379e-01
1.671263863385453741e-01
-7.699666395181579970e-02
6.541929388933998002e-01
-1.160268489102456169e+00
1.339154217140118286e+00
-1.174730614248789884e+00
6.687917276322346005e-01
1.599512534274009745e+00
9.494739952245667691e-01
1.818655786391840667e+00
1.169485459139412598e+00
-2.237107513400851122e-01
1.915425229611430469e-01
5.876580030824039014e-01
-4.527323131426077008e-01
-1.341312820583080878e+00
-1.635804735021807010e+00
-9.408937122474916870e-02
-1.491969182612578715e+00
3.998912730706047358e-02
-2.468262759203812551e-02
-5.782833671440361645e-01
9.353729303034536979e-01
-2.264863575704058607e-01
-1.247771760123677076e-01
1.491325669629100403e+00
-6.073793112268843775e-02
1.363621425183522584e+00
5.435904062915540846e-01
3.565870123241159817e+00
3.303046725374902959e-02
-5.118987184736216722e-01
5.899497950670040680e-02
2.608637106504565484e+00
-9.431064398207861244e-02
2.694527096707352021e-01
-6.097574616275022730e-02
-1.483412342082325086e+00
9.761330642769003862e-01
-1.336734051405244150e+00
-2.133784347451481267e+00
1.524295909609509891e-01
-9.443532798237301851e-01
1.054147543076918270e+00
9.541052251336643586e-01
1.628318821852974718e+00
1.323948986558346474e-01
9.095936087837919182e-01
-1.537338705906410752e+00
1.174914322610307593e+00
1.036646463880247282e+00
-2.816202446362384704e-01
4.614965168515171023e-01
1.736096562349683237e-01
5.668331435943294583e-01
3.747046627667168783e-01
6.815937092048631740e-01
1.272278687035877542e+00
-6.688431301689523600e-01
1.165193693670590225e+00
-5.301366757717915768e-01
8.725345540691085144e-01
-5.048508482792499752e-01
1.220854519114550119e+00
-4.738504954483473142e-02
1.586926581443889539e+00
-4.387937030452405684e-01
3.745693585439536788e-01
-5.244781922753255499e-02
-8.632309935390553024e-01
-2.368445671045531498e-01
-1.846635856377998319e-01
-6.425295481931497799e-02
2.382501731877652573e-01
-6.199718398871327807e-01
-8.748742820380952523e-01
9.185101772648684992e-01
-5.855022559384124303e-01
-5.183835210220674172e-01
1.370579583310078009e+00
5.879230626821048411e-02
-7.139791337732730447e-01
-1.804095381715790758e+00
1.695881381128092613e+00
1.865333386116143632e+00
3.890748280852490693e-02
-7.343214052878958009e-01
6.717267138590965470e-02
-1.951811045152914925e+00
4.537717578817956898e-01
6.296799367392036384e-02
4.921421816911176750e-01
-2.465959887930942340e+00
5.228156118179496659e-01
8.578408645133901445e-01
-1.633528683398894343e-01
6.848945608699211762e-01
-3.211419149732496203e-01
2.361208018272100251e+00
-6.029606023025368966e-02
6.629690650458230916e-02
-8.698027320858928157e-02
6.109919404177275304e-01
1.828116528503623606e+00
-7.511414657686950047e-01
9.876827666016421148e-01
-1.147670336040795602e+00
6.254360017062057242e-01
-1.619233843056224531e+00
-2.319921966512605405e+00
6.358707259117957200e-02
2.133994125367816075e+00
-1.449865004402942192e+00
1.014570694827010122e+00
2.604487516141966719e+00
2.112601938854668515e-01
5.115921426354657076e-01
2.271745695654894259e-01
7.443406780861786531e-01
-7.171822016084185014e-01
7.159787918232844994e-01
2.484963884640383647e+00
-1.515126584762405970e-01
-3.656248958738259058e-02
1.187944680089670496e-01
9.019221387245963673e-01
-1.252215124239326238e+00
5.838674771598887370e-01
4.636158735188993241e-01
-1.980773239525799589e-01
1.577973059462050021e+00
-8.798155324596053095e-01
1.058124408768801539e+00
2.042193276967725346e-01
-1.027425981188999637e+00
1.196055519353553587e+00
-1.925786564819140789e+00
3.065499820228114736e-01
1.251817535786786229e+00
-2.739865892019860416e-01
1.478146527804998556e+00
-5.705842181156031145e-01
-1.504534585760237408e-01
-3.001985835082579546e-01
3.573473589073224987e-01
-9.720232161263181458e-01
-8.995077829340561992e-01
-6.281981193589075696e-02
6.266571833767525801e-01
6.243916437634832173e-01
-1.070223551422696540e+00
1.221795370086027566e+00
1.749467334229904081e+00
-9.046877490304259251e-01
-2.059237038907980044e-01
2.119617091560492383e+00
-3.877364191871091048e-01
1.185081245064241839e+00
-1.512432223936640008e-01
-6.197643527106927452e-01
8.393073205036062356e-01
4.123749318979348932e-01
2.764267098127708433e-01
-6.346071459427172767e-01
-2.146034751608310920e+00
1.680605942985112233e-01
3.518785548342869690e-02
1.156152868856316074e+00
5.850264391821862198e-01
-8.423970828941146349e-01
1.864252062382111941e+00
-2.227865387888414261e+00
7.230363751054879051e-01
1.697539506180367530e+00
1.464824314642673153e+00
1.091455076814146635e-01
4.483952839295751724e-01
3.610739318494508576e-01
3.299183304225010160e-01
-3.987435699468089845e-01
1.910486583565205732e-01
7.618016409292804880e-02
-1.409889616236407739e-01
2.846028242005358977e-01
2.055413175359194877e+00
-3.884666931659411793e-01
1.485529392620504874e+00
2.328657336959577329e+00
1.774492643744237430e+00
1.114770373774079504e+00
1.039733910432020902e+00
-3.487835400917532747e-01
1.177079552142349161e+00
9.444941831289055401e-01
-1.409499509071665102e+00
-1.115928879841401322e+00
1.033360365991397023e-01
1.153012238955258173e+00
-2.390068542655852113e-01
-3.247091597534950136e-01
4.053514519142540906e-01
1.090469366680643648e-01
9.429733978301928499e-01
7.570303954936510316e-01
2.010426156402290054e+00
6.349258777032016354e-01
5.696852432135355304e-01
1.314780866348224997e+00
3.148142110572414998e-01
-2.600067503844547545e+00
1.494730378947177085e+00
1.670610475295271069e-01
3.246382437455413994e-02
2.170085804059820322e-01
-2.408631695614811719e+00
-4.546932796516195419e-01
-2.810522314782035735e-01
-1.038721364782802636e+00
5.632810218617813058e-01
1.166598842412588599e+00
2.515302383768300287e-01
8.056364220706286883e-01
1.765723631803907789e+00
-9.670400828986371877e-01
6.236656012890675616e-01
-1.700278943743482207e+00
-1.556249772014190569e+00
1.106706792297295516e+00
-7.531087411299598466e-01
6.462386248309761605e-01
6.009239246824487068e-01
4.937002607610099236e-01
7.795769489397963437e-01
5.150917158926809902e-01
1.715658513980984345e-01
-1.130579979457736473e+00
5.188269125850726304e-01
3.952221322218418820e-01
2.288526251683212109e+00
3.435038220222810246e-01
-5.465899755989520603e-01
-4.524528128259217019e-01
-9.220655519437759295e-01
-1.591356778743921452e-01
1.161806600329040817e+00
2.137837658523956408e-01
-7.983674864519281211e-01
-1.785325133484893412e+00
-2.081226198004445749e+00
-4.662952513625336914e-01
5.066455515390771991e-01
-5.173588226458183392e-01
-9.788672045832452762e-02
-6.752206600128682901e-01
4.919265706546350342e-02
5.369705985696022754e-01
2.456175182856978889e+00
-5.229943398796247367e-01
6.483063687855694646e-01
-6.526638040220092973e-01
-8.359548193051327125e-01
6.111598259226307395e-01
1.905924384849675968e-01
-6.547466157185304336e-01
4.617351163188902485e-01
-4.880604001408769266e-01
5.826047164881246188e-01
9.040515390693015796e-01
7.289102250880300504e-01
2.830904510390427342e-01
-3.291969311502851436e-01
-1.983947860416660047e+00
1.845356841514407931e+00
3.651540490561839269e-01
1.862224596893390927e-01
6.384189451618879074e-01
-1.068255310935085189e+00
1.981821472723857891e+00
4.123304072236833040e-02
-5.895669649684444069e-01
9.093529265887310142e-01
9.798361073474037841e-02
2.346621060984007912e+00
2.799286783595243411e-01
1.835703279817922695e+00
-4.131518607757929118e-01
7.259122111385895026e-01
-1.034357332780368122e+00
-1.654138502075264139e-01
-1.777033705563074439e-01
-4.802358415258285440e-01
-1.363486628410602863e+00
9.402924778977399534e-01
-1.574069014018092405e+00
2.823848298741294949e-01
7.180121230710346802e-01
-7.232943738461059535e-01
1.730147829596984099e+00
5.039815356182362205e-01
-7.551565147607801620e-01
2.260420141086757262e+00
-2.361562561650583369e-01
-2.273644042812175581e+00
1.045486015560208592e+00
-1.147707842965910441e+00
-9.777179369942701204e-01
3.245569317632850392e-01
-1.710743238750969397e-01
1.392594252113216191e-01
-6.547396294058809296e-01
-7.781137278013383618e-01
-3.693100431236236991e-01
-1.015287847365752283e-01
-1.858481266633554396e+00
-5.437239411961072300e-01
-2.380093199820522809e+00
3.985658741308755748e-01
2.775183771878886319e-01
1.117221848265569806e+00
-8.590960952530495298e-01
2.243338885963401808e-01
1.248026369269993774e+00
-4.142242168546003134e-01
-6.583644202973973902e-01
2.601592580971643365e-01
4.917647047225710555e-01
-1.171482099687601419e+00
3.004740778882705743e-01
8.759337350957913104e-01
-2.196485818754999042e-01
1.458440844314077056e+00
1.968893152708470762e+00
-8.995742516570346403e-01
5.314395148278532321e-01
-3.661505022055031033e-02
-3.638963912592840244e-01
1.720173288750315610e+00
