-1.485806629491149555e-01
-1.669961965335632903e-01
-1.348840548157580754e-01
3.308449296876346812e-01
-3.168607871322914882e-01
5.826646406526293093e-02
-2.627277617596266435e-01
1.703713340080215688e-01
-2.470757194029132853e-02
-3.410652896454745980e-02
5.788429502508524171e-01
-8.520902029104079345e-01
2.932579675021365628e-01
3.262442860618655072e-01
6.058970654746916040e-02
-9.720843121714897728e-02
3.593549325064366862e-01
-3.971904075433418946e-02
-2.177557499309362710e-01
3.813794442639105720e-01
-7.318030310769937929e-02
2.763468533128188645e-02
9.169828281248895707e-02
1.902718592833744782e-01
8.285706087963178729e-04
-7.646365588612119568e-02
1.614510970990180316e-01
-2.532306435331536654e-01
-7.069448624494113764e-02
5.847350851871960936e-02
5.532727546432018861e-02
7.875445718677269447e-02
1.078720274841730165e-01
-3.206102259609803218e-01
-2.325349147123946802e-01
3.107576126525875282e-02
4.424822180492003765e-02
-1.156536160963874127e-01
7.891021071746154303e-02
-1.656031483266295345e-01
-3.555559422032374406e-01
-1.751535388686311090e-01
1.520328759595296897e-01
-2.563028155575479763e-02
-1.201777421781618782e-01
3.788383487081679879e-02
2.388638526598557688e-02
8.752622350516867100e-02
1.748948353380838094e-01
2.732264857620435028e-01
2.295856617719874704e-01
2.148109312109678926e-01
-1.078908375528853936e-01
7.444717452491216025e-02
-4.747238213775917259e-02
-1.931770640493198909e-01
1.983024003432814486e-01
1.094501281653593727e-01
-1.823599058797769484e-02
-1.987492579743179721e-01
-6.366901723708774663e-02
-6.092023881678414188e-02
-2.049905076068171961e-01
1.801174683631736051e-01
-1.183549305741429802e-01
2.458688583371776426e-02
1.512179430103423594e-01
1.586412956526834367e-02
-6.750540714496422456e-02
2.410322524000449995e-01
-1.481981811583220343e-01
6.721402263923026421e-01
2.894121955846370997e-02
-1.017258319950661710e-01
-1.413561280417539312e-01
7.520550779020098719e-01
-8.226384277239695564e-02
-4.192080924186221413e-02
1.943038140511697820e-01
1.437954058921901979e-01
-2.237343220565665702e-01
2.424486538881561182e-01
-3.664123584145702051e-01
1.421106164327879118e-01
2.815596218559084443e-02
2.346854580269627788e-01
-5.164970262512436072e-02
-2.390920620169566246e-02
-3.487736299741551749e-01
1.108265115887759666e+00
2.158003086020748862e-02
-1.380838796155805792e-01
2.950018515690856491e-01
-1.839802858982887979e-01
1.405625358108422152e-01
-1.152030302861665328e-01
6.217026710310808585e-02
9.279582178176738749e-03
7.369330343646959824e-02
-1.921846027065027829e-01
3.763118375614710534e-03
5.166974682525835583e-01
9.324207337532702811e-02
8.195590034013068292e-01
4.256959523651267924e-02
2.973974419783581569e-02
1.448705608715933069e-01
2.532886786812107438e-01
-2.007786739170467905e-01
1.304102547916092536e-01
-4.250707294980404782e-02
-2.206341392522423728e-01
1.554802079235855471e-02
-5.529641376124810187e-03
1.577061868361601948e-01
-3.093168651950231607e-01
-1.374906780577042908e-01
5.941633327156459199e-01
-2.508912961028905708e-01
6.833718679652482919e-01
8.834204291045365531e-01
3.910141264275373563e-01
8.630396436430360918e-01
-2.847802664541548845e-02
-3.976492074249941833e-02
7.850686023550021986e-01
8.395538973452200404e-02
1.009285186936392520e-01
-2.574967243391884653e-01
-2.244907764590106658e-01
2.338972563922578907e-01
-2.953757382716481472e-01
5.079130318316553705e-01
-8.025414046824355663e-02
1.627048480656209106e-01
1.555970801229833445e-01
-1.309621041980487399e-01
5.592535522380047697e-01
-1.483284659467730693e-01
-1.960740833859429821e-02
-4.138614476809258924e-02
3.140393860525417802e-01
-3.424819674373926759e-01
2.441545130481128506e-02
