-2.191694423226133587e-02
1.379464755394932129e-01
3.088472135191051571e-01
4.649143410316012442e-02
-7.539568627175441407e-02
-7.408501194176211890e-02
6.832802263976242574e-02
-8.081812700118450044e-03
2.901808229745720391e-01
-1.173194134207272421e-01
3.969099563213541182e-01
2.333566812332557583e-02
7.469365097863063241e-01
3.488098061364822700e-01
7.583473394496950126e-01
-3.301095148577964933e-02
4.286044849717797756e-01
3.236611177826103081e-01
4.934616435232515030e-01
1.793230508983402194e-01
2.828510635653702643e-02
9.794738416464487951e-02
-3.593916155466737594e-01
3.231920832421091294e-01
3.453229768604319794e-02
-1.546934507709187834e-01
8.654289671626960723e-02
1.113478856493225061e-01
-2.211965944341179324e-01
1.468081947887084626e-01
4.910309267379072140e-01
1.084845818316232668e-01
-2.627810267758811102e-01
-3.891254905022306088e-01
-7.211622770993084131e-02
3.592382865524421098e-02
-3.167858881400950621e-02
2.649506691974319317e-01
-2.487125146828267630e-01
4.933225927387990817e-02
3.511559263953487053e-02
-1.258813237872435375e-01
4.933266709512129644e-02
7.135238557069440990e-01
-5.477329594795213308e-02
2.424842652248019315e-01
2.150533297949400735e-01
-3.188191456576052740e-01
-9.883788737264742608e-02
7.943258698793903561e-01
-1.146849869863472704e-01
1.251957828998090938e-01
1.721039639829907986e-01
-2.765126455037856257e-01
-3.190347456059295927e-01
1.767639575790501405e-01
9.280360638538702467e-02
-3.159570629577739820e-01
2.690736833772148784e-01
-1.711346994652765685e-01
6.013623461119729785e-02
1.636329434040909026e-02
6.886792780228678801e-02
-2.698566989505797320e-01
-5.679327427531307704e-01
-2.427070240859641181e-05
2.484625747752343961e-01
2.534638322459802917e-01
1.960093015065964561e-01
-1.799805882257592970e-01
2.211616300813188940e-01
2.642058679015383826e-01
-8.904309446444272358e-02
-8.299228303274036600e-01
-9.251699929722281834e-02
-2.781455715140791485e-01
2.552998759208482960e-01
-2.065070474480943663e-01
1.280106799498706982e-01
-3.333068628805242462e-01
-1.359061824278289254e-01
-2.402974506867094628e-01
2.215834911071015711e-01
-1.265074981741548810e-01
-7.883887664500571768e-03
5.887541465878242120e-01
1.081218037873911270e-01
5.151681894718448951e-02
-3.945329992498093352e-01
1.397380875955002988e-01
-2.492538650504869668e-01
2.868222423254783784e-02
2.507300243731078737e-01
-1.053227250528288694e+00
-3.691057272984941962e-02
-3.056714232255394736e-01
-1.754698070530621712e-01
1.939924752289642618e-01
-1.325174300045138809e-01
2.704781918872247171e-01
-2.474661152268095854e-01
-2.644812132234167779e-01
-5.527133753237351010e-02
6.752701685445410273e-01
2.275594091943678593e-02
1.267217481614960617e-01
4.381104559456883707e-01
1.490936357026120818e-02
1.170304516159644814e-01
2.119948955955368586e-01
1.683992543553414212e-01
-1.920660952830967605e-01
-6.843417823460351546e-02
-4.313478466279881823e-02
2.350056904194540719e-01
-5.078477413607186408e-01
6.299617402236333819e-01
1.291956968332864109e-01
-6.043440041007712427e-02
-2.384065912093910611e-01
-3.613543459249858314e-01
-1.144460514924290073e-01
-1.905877102191192440e-01
5.439977779789493262e-01
-2.427883519394780087e-01
-1.456629728780786670e-03
3.565992894932831780e-02
1.409705530010085806e-01
-1.300898293372380332e-01
-3.526593328108045267e-01
3.017933161332149172e-01
5.944035824324447326e-01
8.103233954031485720e-02
-1.634613935874434931e-01
-1.917193278000660014e-02
1.918410324464484562e-01
1.532044467682633360e-02
-8.843989321967686557e-02
1.149255143864139767e-01
6.987087246032376298e-01
1.919320574555086201e-02
1.658352157711849295e-01
-2.234545013590832907e-01
-2.321714831218670561e-01
