3.474859426460349260e-02
1.558027430130197177e-01
1.566052858254823876e-01
-5.906039427331033487e-02
-7.900892347162433854e-03
1.703390261095626412e-01
-8.315934573866345936e-02
7.291974859486378968e-02
-2.267121849351740603e-01
1.804854661722905818e-02
1.504786204370693881e-01
1.221886140636752049e-01
-3.705101300184095170e-02
-1.764409795942439851e-02
8.443741828284270778e-02
-1.231778561600113953e-01
-1.567315932126510727e-02
-8.648037492533382220e-02
-2.244384802811218854e-02
3.080468102914885736e-02
2.112136114098736583e-02
-4.510579479257478125e-02
-6.217452630381901241e-02
3.268664488767849541e-01
-1.138839461053937629e-01
-9.869615299935881325e-02
3.818605100666733199e-02
-9.185867891894067272e-02
-1.596501030270246202e-02
1.530989440632414822e-01
1.537015966353400542e-01
-8.764123798712909752e-02
-2.005812008054571050e-01
2.207071454356969442e-02
1.741328606381732300e-02
-1.861881523309218134e-02
-6.840197447425881705e-02
1.306296580701482579e-01
-1.105059426845905468e-01
-1.247190577842354452e-02
-1.926439531433948860e-01
-3.294461479351754735e-02
1.649073520063146781e-01
3.421286133899593962e-02
-4.842760236805905560e-02
-2.935382991716743439e-01
-3.082283578708391869e-02
6.239892785022299604e-02
-2.114089655787326771e-03
2.647581267454129222e-02
-1.804587534084976796e-01
2.560624319152094430e-01
-1.226254889270981530e-01
-6.239340223118852030e-02
