-5.386943422116876601e-01
3.338284433117630901e-01
-6.004929990080536406e-01
5.219836913086287611e-01
-8.698056586872106033e-01
-4.085672882518434079e-01
4.863300186727292918e-01
5.966746428643677769e-01
-2.186661102123206024e-01
7.311886939987665146e-01
-1.281307421534787494e-01
-3.660361108904319205e-01
1.924985122816897654e-01
8.248819100226943979e-01
-1.529977578081859413e+00
-1.899198991257086688e-01
1.083933950589722472e-01
-6.578056508478543618e-01
-5.737387284083841354e-01
-6.031339934104256173e-01
-8.772874999314798083e-01
-4.838747934350176583e-01
-8.721296298196596908e-01
-4.458634071808371679e-01
-3.143913039687593058e-01
2.428965931955793245e-01
5.021044807387996523e-01
6.685058583480069094e-01
4.433576807066763603e-01
3.602130839378194227e-01
3.636642293571080709e-01
3.028779374628349230e-01
9.004669131022907669e-03
4.041351598692821678e-01
4.384995249431351549e-01
-2.315816240159942474e-01
3.688520260944860851e-01
5.568186045872276502e-01
-3.906847105562781253e-01
-5.446393063606418394e-01
-3.252040300505962822e-01
1.575217967854870005e-01
6.416933721314135308e-01
2.140388353484652395e-01
7.732103045465900104e-01
-1.883224461932179739e-01
5.081787296410581467e-01
-4.591150459026905883e-01
-2.186689785367708083e-01
-1.422356193035786975e-01
-1.632434039801403947e-01
2.673927846919399443e-02
2.232568614736710755e-01
1.835694867728615010e-01
2.475441220662541464e-01
6.845185171032269755e-01
-6.119087646322523000e-01
-7.526040213405010837e-01
-7.278852249967021626e-01
7.388824668953335451e-01
-2.279291189455766309e-01
-3.143407416792054487e-01
9.301446948303880857e-01
3.655463366270585990e-01
-1.320632059670230063e-01
3.193391876435418553e-01
-3.097516922820874319e-01
-3.702348433943960515e-01
5.770279670139569772e-01
4.727194176744151793e-02
1.284529069722313288e-01
-3.472935676407267191e-01
3.602693806077218452e-01
3.905988257644507633e-02
2.952907320853577211e-01
-1.441862844161753976e-01
-5.106756056737604688e-02
2.071457932930695911e-01
1.254030490001827591e-01
3.634831547582126898e-01
3.189050079589069719e-01
-5.297063382872604365e-01
8.915092651369155297e-02
-5.205481740290879289e-02
-1.904782538269700898e-01
-1.462814411051441277e-01
3.244320817109500044e-01
-2.883414864488034191e-01
1.143759319663827517e-01
-1.052297282855543248e-01
3.215420089620391608e-01
2.729984521005543452e-01
2.460750070686132662e-01
9.706037026451896921e-03
-2.286606631474648044e-01
-3.623666564759976672e-02
3.326282368454029359e-01
2.337086746997562581e-01
-2.388397239503698422e-01
3.758001004918910537e-01
-3.581263070406539017e-01
4.550699672296599357e-02
2.303716466452507966e-02
-4.728840045715279605e-02
-2.727803728020505858e-03
-4.011497214788045107e-01
8.117525036782319292e-01
-6.309106556040888769e-02
-7.917507159707557474e-01
-4.721350317284285225e-01
-3.356907177839431600e-01
-6.428466901255662780e-01
-5.995766738336085755e-01
-8.205564621147733995e-01
-7.409782564760684087e-01
-6.093501185531998710e-01
-3.429746883775039445e-01
-3.483146207866196775e-01
7.447586423083735196e-01
-2.217782830278405559e-01
-4.596273741359218068e-01
-1.317879153929747971e-01
5.619045180560879871e-01
-4.433523632648093127e-01
8.937898589356056966e-01
-3.554895390431445645e-01
3.072071798363450457e-01
-2.657125011426353378e-01
-3.622621082489941857e-01
3.993451283658637774e-01
1.155656517478290124e-02
-1.948158505996195611e-01
-1.321865176644542172e-01
2.629194777856037057e-01
-3.164735284977177043e-02
1.325625850576434284e-01
-4.010018442697631941e-02
2.481414142760036134e-01
-1.497488805822614344e-01
4.309272471610403610e-02
-2.566720340273484502e-02
1.620642378012326357e-01
-6.341336820334829427e-02
-9.270042944685961128e-01
3.846030035645804368e-01
3.658740870096714032e-03
-4.584746761116790387e-02
4.036900020187600413e-02
4.239703894703636955e-01
2.168981528553248217e-01
-4.670300282703551686e-01
8.084344852090010747e-01
-6.763634378531619973e-01
2.922025725352975223e-02
2.506002179583575185e-01
-3.055905389451357701e-03
2.509143656365113162e-01
1.278388603899424103e-01
9.825663780942464620e-02
-4.687795411920223088e-01
3.630384778706116644e-01
-1.148835854996949207e-01
6.573089113812868867e-01
4.794812304225671284e-01
3.740959847568730567e-01
-4.910728927547639011e-01
4.386426362606185014e-01
5.637115471185362159e-01
4.439294520296825919e-01
5.037284707646767501e-01
4.180918124052785401e-01
1.571930957344647162e-01
6.131760683767729231e-02
-9.495529954907203085e-02
6.264960487833711733e-01
1.567342422580678407e-01
-3.998370367137505516e-02
-9.914690249784424703e-02
6.959613413920992531e-02
-2.711031944455162823e-01
1.668949026869245150e-02
-2.081340223889988073e-02
5.132195449301347745e-01
9.120407419357487444e-02
-4.283304683606795060e-01
5.024087032188373492e-02
-1.985834154882765712e-01
4.677966283241172252e-01
-2.376940729114699891e-01
-3.435461909293376914e-01
-4.605140151382800529e-01
-7.098121147741820458e-02
-1.232505897346239943e-01
-4.929964620665625019e-02
-1.255091392072263945e-01
-2.236725880117687304e-01
7.456357860580670183e-02
5.817962319002576432e-01
1.357098235510990347e-01
-1.523186224348829221e-01
-4.477751675035137602e-01
-1.020824223217544902e-01
-8.256184694051188488e-02
8.297831925074268256e-01
4.633049023960052470e-01
-1.491209620506035449e-01
-1.259326319392252147e-01
-3.587367724626205345e-01
-6.687144317503397328e-01
1.404339775020965742e-01
-2.242954800110654179e-01
-3.170598914350666320e-01
-5.573254090168634489e-01
-5.771865336145426406e-01
2.191097046553555361e-01
-1.216412470461262219e-01
1.401477050818036030e-01
-3.578349164390940418e-01
-5.631537039570742031e-01
4.589673800243278534e-01
-3.312653826545298164e-01
-6.062669652832057832e-01
2.291832808424140167e-01
-6.720024195814463530e-01
1.511331707574632421e-01
7.725353335202371774e-01
5.453952005832595207e-01
-3.941789189168048990e-01
-3.750091229692000261e-01
7.626818820185204961e-01
4.905299486110453744e-01
4.336991978052622265e-01
5.304028835575929079e-01
1.035430381911299214e-01
-4.276183423665794736e-01
-7.793214957164286139e-01
-4.907163143049648180e-01
3.386385863454263734e-01
-5.584422256312532307e-01
3.049826540921116713e-01
4.685560277738841095e-01
8.268496675890053549e-01
-4.967261201516819380e-01
1.477753871374303807e-01
5.740023739241170153e-01
4.434197461390156358e-01
5.945236463055553200e-01
-4.748082657106696969e-01
-7.189579719006172764e-02
2.257002020495398331e-01
-1.972516608226431711e-01
7.097037714692390198e-01
-3.703864505003187646e-01
1.848071720360885128e-01
-2.012962308434501080e-01
-4.290642157679771529e-01
-1.052155242808831825e-01
2.468248011940342712e-01
2.571885990240734277e-01
-8.126647765534034118e-02
-1.842564816934042782e-01
-6.951943562976618807e-02
3.439167865452001926e-01
5.564919572994220243e-01
-3.735671459741516515e-02
-1.977049142607739951e-01
-4.679531973485891450e-01
1.667562854412349971e-01
-2.568553768233557411e-01
4.091233783093931597e-01
