1.317740254528299571e-01
2.175900149933316929e-01
1.868813971082591285e-01
1.574398435675141150e-01
-9.720700898988139660e-02
-1.909123695906685125e-01
1.386530603710931474e-02
7.448593624640843791e-02
-2.946810004881297851e-03
5.635708417066982445e-01
6.038113394816004009e-02
5.404326171072073581e-01
-3.440284480301460113e-02
1.231215914089864583e-01
6.285442658478444800e-02
5.793561050597582224e-02
-4.988481829500793219e-02
6.192349237804972706e-01
1.133167989336019976e-01
-2.738878623876385768e-02
1.901717242357194859e-01
-3.759583964298880698e-03
-1.649796464428079368e-01
-3.416774111996547653e-02
-3.971550820557057104e-05
-9.363026675627059495e-03
-4.499388949532379112e-02
3.839273193145927854e-01
-3.115567568182975658e-02
-7.174361900535677905e-03
4.867502131585741548e-02
-9.455477123427317998e-02
-3.430548111725008342e-02
-3.817060359173302803e-02
-5.479927960691832745e-02
7.798840085194266858e-02
-1.129317103192113703e-01
-6.131310373436925643e-01
1.596274150313382878e-01
-4.341794324121744236e-02
-5.421854127325885786e-01
1.341003531644176794e-01
1.173103728421043823e-01
-5.854774378011043945e-01
6.043175355546416549e-03
-3.808781288417974892e-02
-9.067015037612230488e-03
7.243345084056850292e-01
-5.037215007265253425e-02
-6.127981312733613573e-01
5.922799661735526078e-01
-2.443379665902474518e-02
1.594925141255931489e-01
-2.015641469771755137e-02
1.411095244400187576e-01
-1.474721214231944633e-01
-7.576877530407327699e-02
8.463420575270015622e-02
3.824910593739466735e-02
-1.274991089265243016e-01
-5.892956379351049767e-02
-1.834187450641429351e-02
4.722580693310572675e-02
-1.691554464233059329e-01
-6.734005990674109265e-02
1.348323362829506045e-01
5.027604891301296064e-02
1.032698088638192013e-01
1.560974527379674071e-01
7.416372933742373941e-02
9.359546320783043716e-02
-3.962457170570367337e-02
-3.857506021821055509e-03
6.853363359760027140e-02
-1.963749653739209899e-01
1.540105496438048949e-01
-2.035312474137675187e-02
2.973822268267212188e-02
3.048279944634264826e-02
8.716481792289265673e-02
-5.422346230432339986e-01
6.358144847646485243e-01
6.535952201059788136e-01
2.910376648753627143e-02
5.126748303085080227e-01
-4.032484675986344747e-02
-1.263555753978061191e-01
-9.877032780720107485e-02
2.290172938203758474e-02
-1.824036183927787436e-01
-1.185071810320746932e-01
-1.382393810781387955e-01
-6.764955826397186511e-01
-5.219492128173579965e-02
-4.576691114454917164e-02
6.836275034981571519e-01
-4.269869601800791586e-02
2.784943324605639037e-03
5.300713789464841508e-01
-3.338885381587054779e-02
-7.060396106965911855e-02
-7.281329989876093034e-01
-8.856679901186720327e-02
6.065863613934181497e-01
4.656561806934851611e-02
-2.534103728535479563e-02
6.553494001895809884e-01
-5.840040722515564831e-01
-1.879983204741431102e-01
-8.525080607561519308e-03
-1.965938435928538813e-02
-8.778752612561473156e-02
-3.976022214552764333e-02
1.463174627468530886e-01
9.262609542186064915e-02
-5.368296538265643347e-02
-9.749765346910150426e-03
9.249554172143591158e-03
1.462699820189436173e-01
-1.194819688727465773e-01
8.495643871311779616e-02
-1.284034024702101207e-01
-8.896698173937442333e-02
-8.861529657626296408e-02
1.182357865565988875e-02
5.634435807261747864e-02
-5.858646776866376082e-02
2.000242681096863623e-02
-1.645490145020869766e-02
1.113308440832696533e-01
1.399720625053285997e-02
2.906150221979406090e-02
4.495728565280966704e-02
5.741536608979964235e-02
-1.349325113583113578e-01
3.413653171813199605e-02
8.536072615035524003e-02
1.458577794737831446e-01
3.664438806704336526e-01
2.237222084108953790e-01
1.879728591247176173e-01
8.920531023821182126e-02
-1.382794614630468710e-01
6.804245743115793221e-01
-5.951856629085770789e-02
-7.746868221940449162e-03
1.004080438335139269e-02
-3.635019067606859444e-02
-2.468600233822854650e-01
1.620627587509577971e-01
-5.785080003807276799e-02
1.668460198717405252e-01
-1.227512927215758110e-01
7.968466202335847126e-02
5.679985817255514546e-02
1.440606664607053389e-01
-7.285160214526902045e-03
2.120476533552888287e-02
1.141635114914500010e-01
-3.083341039972092509e-02
-1.360407861183018374e-01
-1.282466972969701635e-01
1.388361862090840559e-01
-5.697485328074829158e-02
2.324339508819621425e-02
-2.349649759857018461e-02
-1.047538540641753529e-01
-3.955902438089598655e-02
5.622022849847337911e-01
-6.917735338983485027e-01
-9.278013914977553678e-02
-9.289476985936565012e-02
2.049334540762917101e-01
-4.041027955866174221e-02
5.956251267971467422e-01
5.379470925483291754e-01
6.828396185621605774e-01
-2.761608572993736604e-02
2.035010935065879045e-01
1.493785547638439570e-01
-7.309991686344582962e-02
-1.707126426808184411e-02
-1.328125382473041571e-01
-1.032169875473140652e-02
2.264766523801641229e-01
-3.464009068719459128e-02
-1.632789160722021293e-01
-3.181306482400659830e-01
3.820612059861674403e-01
4.471745716918336389e-02
-7.859906441867961502e-02
-4.704640531252864133e-02
-1.176851901607584433e-01
-1.598556177363421316e-01
2.452769864544948608e-01
1.470042832018065293e-01
-1.165617774088043290e-01
-1.071458008369263054e-02
-3.133186105297959267e-01
-5.035440297717584668e-02
-6.072643905499831851e-02
1.152792268957966021e-02
-7.146242073665716454e-02
4.498672327085312395e-02
-1.005216960326059117e-01
3.937066920700670047e-02
-5.697328813152392757e-02
7.634925881738380271e-02
-1.238730542541152113e-01
7.404604228635452978e-03
-7.998233522904647785e-02
1.172052477137446314e-01
2.214810789252298351e-01
-3.394854899290700861e-02
4.938123799458436769e-02
1.378796440583726635e-01
1.454112377112808108e-01
-1.300114761674318886e-01
-1.434519229960774245e-01
-3.092000569925727749e-02
-1.508316853053260354e-01
1.466763283384571459e-01
1.674941216288336476e-01
-1.720854460355223658e-01
-1.350088243312740632e-01
2.506285497182492161e-02
-2.357087326030743446e-01
-1.267324398149629605e-01
-2.766643071275912136e-02
7.153020312603079744e-02
-9.386392592483638886e-02
1.153808187364615545e-01
3.009106562281367581e-02
-9.761828300707309225e-02
1.730663988189126701e-01
5.326828020653633089e-02
1.241563921784912955e-01
3.216882997089576257e-02
4.974209229367877044e-02
-4.383880808481732672e-02
4.771458902491518272e-03
-1.188274850596676424e-01
4.649570512051456189e-02
-2.177038343983270230e-02
1.438546636838444054e-02
-1.616014749717393229e-01
1.084939011709441514e-01
9.633533200441592170e-02
1.339535581849697621e-01
2.304354706041697454e-02
-1.056236726898807377e-01
9.875947782102120764e-02
-2.393991927773760353e-01
-6.650971061116500715e-02
1.181243483476339916e-02
-6.580050182892492605e-02
6.608711537172365369e-02
7.719862894840581746e-02
6.319528644510502557e-02
-1.710848270636584900e-02
8.477280367702660913e-02
-6.807888623250113458e-02
1.269858374099734344e-01
2.002789604782782840e-01
-8.436619976217929473e-02
-3.273139995896129362e-02
-1.203575764911339746e-01
-1.975188729391387510e-01
-2.530349307030503869e-01
-3.415366845701353626e-02
-2.517813411017035680e-02
-1.581554755610511953e-02
2.419595978695872063e-01
-1.507085735456544784e-01
6.341341578298374804e-02
9.023896328682842749e-02
7.576624019095468121e-02
-9.913126539791713987e-02
-3.232260662630978554e-03
-7.008207983352891801e-02
2.939380445957547050e-02
-1.670493608905685573e-02
-1.000736402976225847e-01
-7.792441336411298769e-03
-6.180810910913842049e-02
-3.309958448989933077e-02
3.865158235706334794e-02
2.091413045279011049e-02
1.279596789960353864e-01
1.304593758080397903e-01
-1.304090274179336428e-01
-3.040708186428375814e-02
-4.965144921057142169e-02
-2.596289272143092464e-01
-1.482601519428129455e-01
-1.512478984217297540e-01
-4.729420089801594784e-03
-1.330501149437285091e-01
-2.738323216247125214e-02
1.325368462525498142e-02
-2.432328883424183727e-02
-2.592350482205629802e-03
1.402075949208390904e-02
9.867335427025900052e-02
1.019452501385696569e-01
2.291560638075624545e-01
1.558668739170876172e-01
-2.104888048323169669e-02
5.523691633140431767e-01
2.354217951039939971e-01
-1.347422701995948380e-01
6.637059920564509774e-01
-6.572403744573042383e-02
1.136152506934352685e-01
1.291369923027928523e-01
-4.258763663962897295e-03
4.310979687979356323e-02
-4.577777310975994496e-02
1.474451794663532711e-01
6.553770368199124396e-02
-4.496193680683678584e-02
3.377038830135598024e-02
5.873035643147564988e-01
6.625548538064383042e-01
-3.322438632144858461e-02
-2.167177696458590791e-02
-6.272340786826985370e-02
-3.306863458155260421e-02
-8.688864849702904181e-02
-9.116712299545247367e-02
3.368976720898796823e-02
-1.023018019760810193e-01
-3.955801535187111750e-03
1.647687276825012814e-01
1.478722398286244355e-01
-1.575039542161979222e-01
-4.030675820238396878e-02
1.696753688341951991e-02
5.880036205288777240e-03
8.891158131091227157e-02
2.260568982909253594e-02
1.041944728094782446e-01
6.897645443944715182e-02
-1.401443961623681234e-01
1.833610819986448703e-01
-4.793788424553512006e-02
1.104768135748037672e-01
-6.030851913221473015e-02
-3.328452007609192798e-01
3.875388133742607710e-03
6.147835019422696057e-01
2.341122584799496323e-03
2.207194789886217645e-01
-1.419959949406451871e-02
2.072500748173275453e-01
-1.673565447614629165e-02
5.701365438293787280e-01
-1.605427909086725932e-02
6.547203146339717339e-01
-2.397023928221997391e-03
6.255753241561075317e-02
-1.905758286881448771e-01
2.804338642809394225e-02
-1.026264542759213333e-01
1.547934766853168720e-01
-1.688412790190914337e-02
1.401744091659447577e-01
2.061256908169401547e-01
-9.095567083854319557e-02
1.061362807409436532e-01
7.041487645758391922e-01
1.893293840956654719e-02
6.160276356835250322e-01
3.328456140246800754e-02
6.210730008490890075e-01
-1.345082318913377595e-01
7.056214007939006772e-01
9.991692343500840900e-02
5.740644601165932615e-02
-1.303146264737353455e-01
2.236606543640359823e-02
2.643531325005547827e-03
6.167075618346333499e-02
1.030988476259102060e-01
7.051173173973540598e-02
8.539127216503147877e-02
1.774307539438829129e-01
-5.472188857349645497e-02
1.713383162152074812e-01
1.721323044244282008e-01
1.136225079841246405e-01
-4.523269204655848419e-02
1.845179953896363897e-02
1.210370719772069920e-01
9.208094103541888953e-02
3.774220814867085272e-02
1.411021165134865862e-01
4.883813020057276022e-02
-1.993385314575876754e-01
5.497488486524768070e-02
5.076299804624587186e-02
8.002365537990857591e-03
-8.339931331500365086e-02
1.179249796884940249e-03
6.925241670361849400e-02
-1.421143341729305121e-01
6.940913017993341483e-02
-1.882269008559052659e-01
-1.292772446370000772e-01
1.474168946019442372e-01
1.680041132713718799e-01
1.135107730046273355e-01
2.599872197575844313e-01
2.573220420654365737e-01
-2.890710192638839757e-02
-9.725393154447677102e-02
-3.289995074480454862e-02
6.542257113446725211e-03
4.319365231445956854e-02
5.203890636081680288e-02
1.728656870807913359e-01
9.283419042939725085e-02
2.700976373274056042e-01
-5.384930078493244815e-02
1.859097286945144215e-02
-1.200865685452219833e-01
6.272087743353997602e-02
-1.368866668653775098e-01
1.031226531624919451e-02
-3.499589328535626653e-04
1.683107800162554346e-01
-1.319656678214737311e-01
-3.629741789364093751e-05
3.596457535872729649e-02
3.141501415085658916e-02
-4.716717755202461115e-02
4.480630223192012818e-02
-9.222851055267336506e-02
-1.557983229452771234e-01
-2.606388570089294282e-02
-1.423818032308274695e-01
-7.107334707735862844e-03
-2.708263783634869484e-02
1.193560144714027327e-01
-1.504353349459719436e-01
6.155913685502616139e-02
-5.561160824543377734e-02
1.040386561649438019e-01
1.259698989349335996e-01
-5.389126847224586653e-02
