9.287693031117956466e-02
-6.140557939564389445e-02
2.208502681986176941e-01
4.845380808413317641e-01
4.747942305194469692e-01
-4.161101194192433073e-01
2.226187572568952555e-01
6.557818386302253222e-01
-4.194889254286982005e-02
4.758765345403568325e-01
-5.841340990274446199e-01
6.762043606507239790e-01
-5.232135752355469016e-01
-1.110953983382661381e+00
1.716804875135256037e-01
2.270696774269843343e-01
9.332872052782887895e-01
6.383472410055706092e-01
-6.390905675824314347e-01
-2.272020960549259172e-02
-3.287790560190008426e-02
-3.576578506600931462e-01
4.585867458161382859e-02
4.865272415992043520e-01
-5.424501483187395279e-02
9.680358206238569296e-02
-1.468950554458255467e-02
-1.643100058495606530e-01
-2.384814543252764540e-01
-2.936529052201591328e-01
-3.601970510288048932e-01
-2.107214544303070702e-01
2.266098291497669337e-01
6.877339320818280921e-01
9.230822812875727479e-01
-1.201888236547702660e-01
-2.761370296896449861e-01
-1.304073827029872054e-02
2.780944946948503693e-01
-3.688982743075985837e-01
-1.550031552883858743e-01
1.145381530475690773e-01
-6.232092094454536740e-02
1.542878034380084085e-01
1.779546692514667461e-01
-8.180505876359441819e-01
-6.307430452635174323e-01
-5.283645786935819988e-01
3.347807934270450314e-01
-7.049924361087893665e-01
6.115610282080058413e-02
8.483409641254864297e-01
8.056291726653251883e-01
7.690950155466281801e-01
-3.192189327841185587e-01
-3.519633240565545607e-01
-7.659114037215375426e-01
-1.294172792863051979e-01
1.116137041929697732e-01
-9.327928711483420010e-03
2.587872299088238570e-01
1.377348101159243665e-01
-3.092098612486127163e-01
1.609237105707359283e-01
1.159182060021955313e-01
-6.324720700961475872e-01
-5.448993652784191177e-02
-5.048599589114259878e-01
-5.576856549261273166e-01
8.652423867704087668e-01
6.087946231277163722e-01
-2.632354619333665546e-02
2.399880515615846963e-02
-3.652960803395590705e-01
5.731772538026191910e-01
-4.705409393283371822e-01
6.521720165596145424e-01
3.839863332689904540e-01
3.646359463618495944e-01
-8.928396744162972465e-02
-3.090598113572871064e-01
-4.781206385262912195e-01
3.612798999929772159e-01
5.490135167673819705e-01
1.785951118466944099e-01
-5.342983220564199165e-01
1.990597973026915490e-02
7.364049002275735445e-01
5.627144753633269714e-01
-2.033585299687526715e-01
