-5.032885174209673212e-02
-1.329432141205673656e-01
6.703906018397007283e-02
-4.969415298067791226e-02
-2.864626336041815186e-02
2.090370807286331956e-02
9.339263122105412318e-02
-1.689959616166689660e-01
1.946067417609491368e-02
5.552665325588780343e-01
1.779601190386939924e-01
5.370045613364106130e-01
7.019468601238698646e-02
5.041591202020884177e-01
-6.340490392626514649e-02
-6.104714914552176186e-01
-7.265209224005893252e-02
5.416987423507300115e-01
-7.183888342423262741e-03
-2.280337363819605334e-02
-5.560991331581146557e-01
5.807706022199772555e-02
4.340492222030402358e-02
-1.636496882627486854e-02
-6.385281857349525692e-02
2.641562537415530557e-02
-6.618923773282767153e-02
-6.047281917403971724e-02
5.528124933398850249e-01
-6.046079961755558563e-02
8.548468275844128828e-02
5.448877352611927183e-01
9.493363442351439307e-02
5.778395987110902104e-03
5.537840241784353079e-01
5.495620519975334961e-01
2.947236177784084976e-04
5.267856316538784001e-02
-8.714922365489262412e-02
9.345698126156629787e-03
-6.770651976509511893e-02
1.610044214051544464e-01
3.948513841406375846e-03
2.226170176860082020e-02
5.609007376296188535e-02
5.846602746086371205e-02
5.271671437020332140e-01
4.357103721887196218e-02
5.318743399011200967e-01
-7.216733990896112561e-02
5.332681089830417775e-01
-8.138041904210746580e-02
5.399194601310007835e-01
5.562754118916767299e-01
6.595119419916690984e-02
-2.171055160956762708e-02
-3.831842080641948561e-02
-7.590744454856931944e-02
6.777406316490271199e-02
-1.152360748349265523e-01
8.313555281588924650e-02
-7.091503458133810445e-02
-1.138313337691518601e-01
-8.723731590679777853e-03
-1.408651384882100011e-01
-5.490421340442484116e-02
9.130796765841940610e-02
2.611002871627341772e-03
2.653964731832408885e-03
7.004284737876541322e-02
5.695081227943607494e-02
-3.551880106037880874e-02
9.498468317983035231e-03
2.630914646545025326e-02
-2.429502916887707475e-02
-3.445336256794447050e-02
1.123290432771645447e-01
1.112334922583418789e-01
-3.981807127568636612e-02
1.263338101590817941e-01
-7.150454321143200065e-02
4.166284730562723471e-02
-1.386125159726379064e-01
-3.528270902663764585e-02
5.792532722984629345e-02
-2.255967894195815004e-02
-7.731655313352861492e-02
7.062053047788774407e-02
6.087692258033704229e-02
-2.017360284569770859e-02
-6.413398880667876834e-02
2.477059944543013453e-02
9.807863129799880564e-02
3.567606598515007249e-02
5.534826491033918022e-02
-1.878742115813085700e-01
5.882225451904951607e-02
1.206687605083264225e-01
-1.205618727172515225e-01
-4.176389278223575224e-03
1.146359165356991422e-01
5.538375620835987029e-02
9.088228153581510982e-02
8.060902882929008029e-02
-2.733681390919045356e-02
-1.079448190798793783e-01
1.540990067589083634e-01
-1.269948311389067219e-01
1.017058956985649465e-01
-2.810487012720519484e-03
4.070583765652622393e-02
-1.918999801392386184e-01
1.154619855293302355e-01
-4.313623451838482364e-02
-1.497030176119849287e-01
1.835906707761503914e-02
-5.342055434889448479e-02
-1.718079217901144484e-02
-6.086963369078354780e-02
-1.137705634046801279e-01
-2.824547657870084619e-02
-8.412378276641260810e-02
7.953002225112752038e-03
-6.534405833489895232e-03
-3.100821938627768524e-03
-6.822868161246598007e-02
-7.258110586828298016e-02
5.075096669346534917e-02
-6.312869799492118461e-02
-6.584040487631667715e-02
-1.377460419714627848e-01
1.140839301696981584e-01
-1.063030014438793441e-02
7.824453522922797388e-02
3.436287289794193178e-02
1.291638364775491710e-01
-3.845759084161080865e-02
9.632663591327554620e-02
-5.298964964293785551e-02
-1.711474626680561384e-01
-8.575679744761122159e-02
-4.460875255409235685e-02
1.462131895737826121e-02
1.211716049724621477e-02
3.971363211405761623e-02
-8.540972039934570381e-02
2.953901940942884469e-02
-9.837920522615935248e-02
2.963805461811054587e-03
8.410017652678937472e-02
4.648803219009414039e-02
8.158450316463886076e-02
-8.951030389955884348e-02
-8.267201783150747441e-02
2.316125432850834817e-02
2.484580810470338880e-02
-2.476201142393008245e-02
-2.004630485919522628e-02
2.267801255052953602e-02
1.044312024947429834e-01
4.287286207082290079e-02
1.659846960094311236e-02
-8.635981871644356211e-02
-6.023372480213146085e-02
-1.124119687734674161e-01
6.073292205081608219e-02
-4.237281697860756369e-02
2.528711222638365536e-02
5.615837910896662732e-01
5.751516532588571984e-01
-3.479600445898013705e-02
7.760555790546098953e-02
3.465120272263277901e-02
1.534634396223854003e-01
5.453224606428674903e-01
5.151062920715412385e-01
6.727184345130390875e-02
9.457744273953236358e-02
-3.190289991414697185e-02
5.267381367004154991e-02
2.800765544490209369e-02
-6.707956728874961416e-02
6.015283838642163095e-02
1.155208491631731227e-01
-4.111572231688152834e-02
-1.271961300529946548e-01
5.756362563820328904e-02
7.227445399393035708e-02
3.331587036043078681e-02
-6.947966659690552049e-04
1.280698495982477564e-02
-8.813733776606154369e-02
1.480269964736430355e-01
7.052401625710244537e-02
-4.673709072126872727e-02
1.220913951609795545e-01
-5.507928362118412469e-02
-7.605217402674654958e-02
-2.264665426322620967e-01
-9.830488399311586301e-02
2.896485746768187944e-02
1.070664854874460725e-01
-1.761444580106054092e-01
-8.781630821764191408e-02
1.613095120850364939e-01
-5.310794492233450459e-02
1.084642875706969128e-01
1.211199348848563014e-02
1.168469613967719131e-02
3.969393146592070654e-02
5.287683940432512386e-02
-5.310109879472386246e-02
-1.257849635264629388e-02
2.138768061894186917e-03
-8.648767683793390226e-02
5.007668355959124518e-02
-1.383415966289913979e-01
-8.661274745779126705e-02
9.227555490373268166e-03
1.340987628862867209e-01
5.976636465814418736e-03
-9.012581945164731614e-03
-1.666727769945542947e-01
-2.782735436936411427e-02
-5.346755685135595737e-01
6.025893197635098231e-01
5.147886434134416600e-01
-1.646352333348170827e-02
6.229078447352106584e-01
3.643218595030856682e-02
5.344270103473729439e-01
-5.858844862484484661e-01
5.795485927528701842e-01
-5.295182358939757306e-01
1.812450645559314510e-02
-5.543391544280528160e-01
3.186097317666281709e-02
3.630198298618692032e-02
5.583996380896036893e-01
-8.958890298290736465e-04
-2.662172886649959158e-02
5.282080665337889336e-01
2.150290653031840596e-02
-6.811629394855800435e-03
-1.834037104734914311e-02
5.287680049035187180e-01
5.784363667021065192e-01
-5.875707293770808803e-01
5.186748699001378915e-01
-1.050070079289796704e-01
-8.534701342308056993e-02
-2.205613341714214581e-03
-4.240595519310234179e-02
-1.097551070491387948e-01
-6.101489846140840251e-02
9.935932693615741329e-02
-5.880281149305349037e-02
-1.943985588814444582e-02
1.100766574657183750e-01
7.866539451155586671e-02
-1.026182134298401910e-01
6.033450908724817541e-02
1.377044973353004631e-01
-5.576681318023125888e-02
9.527020060424126746e-02
-3.253700179467891584e-02
1.468719852116567026e-01
5.325706908574688592e-02
-3.854894749830532763e-02
9.554242729189207917e-02
