-5.940208725901751086e-01
-4.721954220566570437e-01
3.193827849796503915e-01
-1.125280615157851605e+00
-9.556201154414653565e-02
1.735743825453771594e-01
3.576747484279604872e-02
-6.567885810087991105e-01
6.575262360258893324e-01
1.479006988409755419e+00
1.065757737822177420e+00
2.569637452243255460e+00
6.951561000827133352e-01
3.451272698289960528e-01
-1.562077330114182594e+00
-1.823121662651842723e+00
-2.553901477845637480e+00
2.961414784560903790e+00
-1.465868579184300413e-01
1.302717239345190792e-01
2.258488344459506914e-01
3.166964730897519481e-02
-6.086992256971618387e-01
4.576856568388863733e-02
-3.190388050688388044e-01
-8.337645716442058097e-01
-8.427337352569929108e-01
-1.470030624643917871e+00
7.668109465699126659e-01
4.266403807316083707e-01
3.583947974494668953e-01
1.093531863028784912e+00
8.701649696819149238e-01
-4.473056572044644130e-01
1.107300715179691197e+00
5.782184520358866209e-01
2.145339221024766124e-02
1.570098155870838785e-01
-2.218355352047864382e-01
-3.048227482488651274e-01
-1.452125672561530578e-01
1.723015684744197140e-01
-1.216788613642709460e-03
-2.211682063818263821e-01
4.616436441487267034e-02
2.466728378219055495e-01
1.651415332573655581e+00
1.131330658490298929e-02
1.839450606694255530e+00
4.703559235064290189e-01
1.083012679042323123e+00
-3.253370921115955605e-02
1.072615284845845895e+00
1.400131869381171068e+00
-4.536297718693936276e-01
4.055801240009015984e-01
-7.590479371258442853e-01
2.742433438412606450e-01
-2.306393123932842792e-01
-1.056578477658653148e-01
-6.907315239176410604e-02
-1.325252764400624006e-01
-5.780659212014783999e-02
-5.406446039367824863e-01
1.228863055690396777e+00
-2.841209321730334136e-03
1.878707118141273114e+00
-2.350509844268462989e-01
1.757717372703513803e+00
2.404739954892134990e-01
1.505502481398077741e+00
1.481667529581371934e+00
1.299843209581421632e-01
-1.829025742783898956e+00
-8.839731468942029213e-01
2.809310958153177773e-01
-3.974536050061175940e-01
5.329427188994626530e-01
-2.769366958652611510e-01
-4.598189269632400045e-01
-2.727400481584693615e-01
4.885033354693636420e-01
-4.728835462248767024e-02
-1.342624995453041148e+00
-5.675788837417552468e-01
1.040498364288367839e+00
5.953639090774818232e-01
-8.858482926258178791e-01
4.587474917525982132e-01
-1.274125091168280877e+00
2.998154308610376934e-02
5.750437437203919089e-01
-1.471687045160385621e+00
-1.747941581106766951e-01
-1.373762130042465446e-01
1.187232275701806561e+00
-8.129757529290444762e-02
1.503188396663105580e-02
2.237903857755293990e-01
-6.975223871927590524e-01
1.740979551215739163e-01
3.740994707154703391e-01
-4.995971835391022631e-01
-3.324477908407099669e-01
1.305919379813494485e+00
-3.743581077375856547e-01
2.024009956476046312e+00
1.230144330734206093e-01
3.454604066137484386e-02
-4.205451260642974198e-02
1.942902004775227676e-01
2.128553861998269403e-01
1.295699030078069636e-01
-3.895914331600477398e-01
3.687108995667277844e-02
-2.263162969512550471e-01
-1.557013429199268550e+00
1.222278710231735843e+00
1.305735005512747571e-01
-1.130303793775940396e-01
7.831889025538605331e-01
8.390526399145031844e-03
2.945852358901709933e-01
-7.915910299590172006e-01
6.122651214739840420e-01
1.318941507324816964e+00
-1.207874599650378133e-01
1.298797666301445830e-01
-2.389757161756946025e-02
-6.264634029672164206e-02
-1.766009688846100212e-01
2.581221269235485782e-01
2.570460656230655339e-01
1.534664322306799722e+00
-1.033658376186924466e-01
-5.241422993515154616e-02
-3.080981266525032458e-01
-1.672996443335880712e-01
6.029221733966425578e-01
8.687593171285483695e-01
9.928426906809090235e-01
1.054342759022135034e+00
-1.252770114227358955e-01
-2.468925574564078684e-01
