-2.747282126445940720e-01
3.992676988183528897e-01
3.117994996817023690e-03
-2.407950346955249066e-01
1.265020366345507574e-01
2.213441610439584595e-01
-2.431913234240731247e-01
-3.997558214026389889e-01
2.726948402157974849e-01
-3.203887197089591576e-01
1.598091480538198217e-02
4.286350831533328881e-02
-1.617051807668427044e-01
-1.159435435828096161e-01
7.861965666847676726e-01
4.501386602252512859e-01
1.717691285802889767e-01
3.099653514739307558e-03
7.875443387407041196e-02
-9.649519251645516382e-02
-2.911094082628652990e-01
-2.452689995579958593e-01
-6.889801256681946651e-01
4.054087583802097883e-01
-1.537125797501215363e-01
-2.158339410267632041e-01
-3.554494930378199746e-01
4.933365481102344047e-02
-4.142244025181142097e-01
-5.150655809645540706e-02
2.749373676511811249e-02
-1.944869820209635947e-01
-2.480360808292031427e-01
-1.528916616277810336e-01
4.583226514285921871e-01
-1.591611882630608321e-01
4.486210150490690385e-01
1.436514478069511880e-01
-4.606663531167289882e-01
3.824964752225712417e-02
-1.385171028657526393e-01
2.930103173258697541e-02
-8.664231610915366921e-02
-9.847357836979282741e-02
-2.563703093417130791e-02
1.651671857879367655e-01
-1.498807883454520151e-01
1.983326208171625471e-01
1.389053696838473406e-01
-2.910190472280244078e-01
5.532094645211984574e-01
-3.192898563238674159e-01
-2.446794182589250854e-01
-2.460738596377824161e-01
-1.976964054634054446e-01
6.647735708160417145e-01
-1.058452929309687401e-01
3.366618083269512507e-01
-1.360906515298086483e-01
-1.655451541949443939e-01
-1.759141007430909120e-01
-2.321643028677762566e-01
-6.760885367371685661e-02
-1.997067392492110627e-01
-9.620494548141057117e-03
-4.837671663987800352e-01
2.406760246574846107e-01
1.470182943861566005e-01
-5.933787448353730620e-02
3.022981284044851114e-01
-1.679590060105080884e-01
2.457173129433496417e-01
6.286327735078687251e-01
-1.529475669729458975e-01
-2.742024028750317810e-01
-1.365851131741691385e-02
2.703972252817931077e-01
5.530560943269822172e-01
2.378180990106026627e-01
-1.787470697116521900e-01
-1.946498007719058287e-01
-1.202748636569256208e-01
-3.791756197802936268e-01
1.547402898909002178e-01
3.401064243826348865e-01
3.037876439312061083e-01
2.414140351950643526e-01
-2.438353744535075585e-01
-9.652425578427173414e-02
8.700250903147627168e-02
-3.387342108729289314e-01
-4.401877677462411875e-01
3.150457707926722362e-02
4.304018460310098382e-01
-2.778219759369316977e-01
1.718290261443840838e-01
-4.775919518991693369e-02
-1.574825318104108307e-01
-2.473737775683866880e-01
-1.827291433603658866e-01
1.475949743354718069e-01
-6.977692234017528194e-02
1.919801230752276600e-01
-7.811679812484081942e-02
-8.709847118213230599e-03
8.158043566595184204e-03
-2.077588180467923318e-01
1.239322201270352530e-01
-2.174667886540602724e-01
-1.127179812283143623e-01
1.588689731386767057e-01
-3.052355980887947948e-02
4.368319761735521833e-01
-5.985255917513460089e-02
-2.161260866208242759e-01
1.317508904128041058e-01
1.820140919090736387e-01
4.723637066651793087e-02
4.573528748333945959e-01
5.300680369541537623e-02
-9.791253844187683408e-02
3.368166815305000117e-02
1.742483935046115762e-01
-9.083326964215890365e-03
1.575324603785722699e-01
3.627846623501077700e-03
-3.335063865446434850e-01
1.496596524395665123e-02
-1.714661054983273314e-01
3.365159487986256193e-01
3.108033832848365874e-01
3.944833844232591424e-01
2.216364597904534883e-01
-5.469120064612179588e-01
1.886712898307911779e-01
6.726408506767433265e-03
-3.527826716382430616e-01
-9.610190870358760462e-02
1.007126259900906484e-01
-2.601970686278984313e-02
-7.511900800381517140e-02
2.503533424678223707e-01
-1.557342915039400533e-01
-1.301676362215221650e-01
-3.549527519359161332e-01
3.309633037138953737e-01
-7.461909978126321508e-02
-1.207276025299417882e-01
-3.492181989673525666e-01
3.539628469689287682e-01
-1.038752152069119805e-01
2.714441668696948584e-01
-2.067998941798802059e-01
4.120996855532614300e-01
-1.458755732437154173e-01
-4.528922907018691490e-01
-5.050602999146566047e-02
4.207282555208561314e-01
-2.748128847839665378e-01
-1.604621385182592175e-01
-7.940740863826709073e-02
-1.929460060851823783e-02
1.700207080074176702e-01
-3.994245838615868016e-01
1.012816597194755863e-01
2.630378447429456146e-01
-5.066578214706264349e-01
1.790487621727669398e-01
7.390648177030316457e-02
-1.030508935518300029e-01
-2.341258981161788988e-01
1.963037470814386620e-01
-5.045550690586333431e-01
-1.551908505732702837e-01
-3.507006990689865988e-01
1.677539462116570124e-01
-9.022680743015645821e-02
2.317459053669459756e-01
-2.420680209864501109e-01
2.773131182566289654e-01
-8.228086927025371478e-02
-2.992734298740248322e-01
-3.768570005207558804e-01
1.505042201890265628e-02
4.267217903508517263e-01
8.680101102449407080e-02
2.014323655462636059e-02
-9.698037913950678657e-02
-3.230012402673846372e-01
3.874829976136920928e-01
-6.604471149790605566e-02
1.462606834594411820e-01
-5.164184703199654891e-02
1.664386080510348032e-01
1.000471239041985927e-01
-1.256086399887433036e-01
7.079805379915732333e-02
-3.151379881844137421e-01
-8.765099628343284155e-02
3.942386001863814049e-01
2.328472088547080543e-01
-5.062415942571283356e-01
-4.054586999787987422e-01
1.997851203997672853e-01
2.716820814638127857e-01
1.012769111991105170e-01
-3.006235107847505805e-01
4.328163462792752880e-01
2.723993475762183647e-01
-9.602522321263001759e-02
-2.619360511322446627e-01
4.872212433730709336e-01
-8.688810546562250603e-02
-3.103075653900639330e-01
2.367757438999360808e-01
9.068666025635274686e-02
-1.394798767295463982e-01
-3.213189875128483752e-01
-2.783087725580442040e-01
-4.140402444196246701e-01
-6.429583186222506686e-02
-1.732449490590931285e-01
-2.226298526792038490e-01
-2.525119983997095585e-01
-6.122146746581960119e-01
-3.096108025579465406e-01
1.583268521297268305e-01
-1.232315363236613920e-01
-1.369518444352999798e-01
-2.473745632093666824e-01
-4.832532196768421495e-01
-9.403056394531537909e-02
-3.546286289608976405e-01
4.059694108765504739e-01
3.894490815207071188e-01
-1.394251625877693246e-01
-1.368220971207020353e-01
-1.416524716648468185e-01
1.597140261313473031e-01
-1.701194273028450166e-01
7.850491414265498014e-02
1.361462514214100139e-01
-8.722892615354790880e-02
4.130574003739679312e-01
5.146223271073681049e-01
3.814464602547257277e-01
1.542466906723520270e-01
1.477285861277146534e-02
4.556165584973997928e-01
3.009731221639579402e-01
3.551665698159419682e-01
3.054487781562115756e-01
-1.119843561277312632e-01
2.684106900913320604e-01
-5.024873590871015150e-02
1.246267948934469960e-01
-1.375169048904954228e-01
-2.650483264960092761e-02
1.019299424835562184e-01
1.430800046775487222e-01
-3.039770838373451745e-01
-2.270754731648861602e-01
-1.204436264774125243e-01
-2.407774736713016450e-01
-1.111829030775475929e-01
-2.062091116772306332e-01
4.176207889569808485e-01
3.809372251953760391e-01
5.718536730243250349e-02
-4.016455662564638596e-02
9.415490871796106109e-02
2.387785799618279137e-01
2.357171905155336367e-01
1.105369080159662454e-01
1.049592474539791237e-01
5.581446045773725828e-01
6.778484036687687508e-02
1.396652402826322747e-01
-6.760695040328178196e-02
-5.009581857795643023e-01
-5.763021363432285771e-01
-2.435162173555633358e-01
9.531644898074342898e-03
1.848028940659171004e-01
3.561668108031675883e-01
-4.073244037304876719e-01
-2.066904751367924786e-01
2.958632308548496681e-01
-1.596361494057591535e-01
-1.519239704787311573e-01
-2.033077284212339020e-01
4.667272086808545439e-01
-2.430541736962038846e-01
-3.914503014531855452e-01
1.162628092693956672e-01
2.819668646490831598e-01
2.204294564449967020e-01
-1.076782995311014179e-01
3.088420934295139642e-01
-5.948914961209335328e-02
-1.152008778550191598e-01
-5.805590787677980535e-02
-3.550912520565808195e-01
2.262985884106201717e-01
5.321138277092255509e-01
-2.701555278478406930e-01
-1.496731987474048120e-01
-8.725215417114615124e-03
-3.848158152765931983e-02
5.567768454408722478e-01
-1.920930058405232177e-01
-2.634516446357901276e-01
-1.817102510960048878e-02
-1.460833606703877963e-01
-6.373207462406844936e-02
-2.513371629424968612e-01
3.491594507094777922e-02
-2.249446388072535719e-01
-1.045110450245343436e-01
-2.818949891654286000e-01
3.839636908893546696e-01
-1.452579497428864164e-01
-7.499319787949539073e-02
-1.716373241729879928e-01
9.939036425341177261e-02
-2.705026192744403382e-02
-9.325287686118602370e-02
-4.848273064967923429e-01
-1.722509654135886137e-01
1.774138135807826200e-01
-2.337811134263425572e-01
2.398906370756921091e-01
1.266111656699716037e-01
-1.272146585811810282e-01
-4.384433334716729136e-01
2.494180886767727312e-02
-1.762340003138101185e-01
1.231229616910937408e-01
-4.321856704600156029e-01
2.548404596877983375e-01
3.487398654437371404e-01
7.240608642407772577e-02
-1.077009051653374100e-01
1.501955818447221480e-01
3.004743409842677293e-01
-3.334673603950759624e-01
1.981334468539876215e-02
4.929211116351984723e-01
1.705448428112954495e-01
-2.628414433849260434e-02
-1.880874273633731386e-03
-2.284928414880212366e-01
-2.479021699932250355e-02
4.110861737610276845e-01
-3.521219617332416174e-02
1.135371181421110723e-02
1.983023515024531780e-01
1.845561094357186238e-01
4.459501749191066011e-01
-1.273117616596075308e-01
