3.134167773277722890e-01
-4.885312655154083750e-02
-1.005919337209623343e+00
1.851005165341596537e-01
9.198672473052650622e-02
-1.314177825404338362e+00
1.259167863623519512e+00
3.683291508864073860e-01
-7.775282761099577833e-01
-1.878844506629019362e+00
-5.715803926066066465e-01
-8.662076845009637482e-01
-9.417870533198229310e-01
-1.336515270047019310e+00
1.348360890204384877e+00
1.351249070348909287e+00
1.681836704140775574e+00
-1.001214857375492429e+00
4.549654803489562860e-01
5.922357552160414373e-01
9.506300475211084677e-01
-4.720248260930670625e-01
-1.562423064195757882e-01
-1.093415701808745505e-02
1.320143511760388577e+00
-7.255007889311620994e-01
-1.150444834050447840e+00
8.542384560647418024e-01
3.800720413830749322e-02
4.401702472629794860e-01
1.268105706469625227e-01
-3.626841221043158869e-02
3.953331400212245494e-01
-1.284310962548258495e+00
4.076697478515469708e-01
1.894608971619695215e+00
-3.712718680130269178e-01
6.516714994752389467e-01
2.213818967795085912e-01
-3.117992997795633325e-01
-1.360776495765767313e+00
1.067533745305725978e-01
-3.688436586313270649e-02
6.416835003413572380e-01
-5.088306659352952455e-01
9.426497159533713255e-01
-6.655973186303139055e-01
9.557942890640493960e-01
7.024393710860202811e-01
-6.079939477249536317e-01
-7.361142497483061375e-02
4.144843898610625077e-01
-1.159637237318452474e+00
-8.788897570776093016e-01
-6.302635254873505399e-01
-7.049620478444195149e-01
1.445226653931490635e+00
-1.020981818006352793e+00
-6.756428195256120040e-01
6.808351668725857175e-01
1.803853345322140367e+00
-7.028052407427784476e-02
-7.295018569652604867e-01
2.409044045925564093e-01
9.620158527434086171e-01
4.567377314510995268e-02
-3.326601447415638568e-01
1.237497171701203769e+00
6.164480761555082289e-01
3.296456268960374913e-01
5.362472278799386149e-01
1.172746404858308944e+00
1.784858404065218007e+00
-6.102372343794231213e-01
-7.118949823522588427e-02
3.782281531521397566e-01
5.357273488852944965e-01
1.139577029556072540e+00
-3.889509572218812217e-01
1.158347418117623706e-01
-2.111318664484992613e+00
1.508009157385674204e+00
1.470526243927892995e+00
4.821438345533416436e-01
-5.585387168217404996e-01
-3.557829303917946495e-01
-9.008831366879199720e-01
6.287055460985173649e-01
7.861937465864268226e-01
-7.660770715768926431e-01
-2.555709449363932628e-01
7.297673862504442388e-01
3.058142695713322201e+00
2.433820197003337960e-01
8.517071932273123647e-02
1.744570573343399988e-01
1.802980903209063124e+00
6.386805144739073903e-01
1.621451638815900875e-01
-1.238166404041425306e+00
-2.748786440942912468e-01
-5.133372924365484646e-01
9.501881299426792049e-01
1.150921439760473897e-01
-3.539460669191790698e-02
-2.891960772112409650e-01
-9.118502711127908500e-02
-1.715112790790234987e-01
1.291689320727859691e+00
9.223620905686764626e-01
-6.227283030784264151e-01
-2.453986171436113584e-02
-4.195289869514501335e-01
9.372608273189424466e-01
1.835946756811017933e+00
3.161266191635536682e-01
7.053002202262786957e-01
-6.609737074843505811e-01
6.119413932207935503e-01
4.206688921415815408e-01
-1.285731317574956734e+00
-3.894434284993550932e-01
-1.071783395694835050e+00
-2.522507361556547423e-01
-1.587792164921818516e+00
2.314126420982733079e-01
3.583290576185415577e-01
-1.299159828935036565e+00
-8.091298943395154319e-01
-1.600997115394552583e+00
-1.356228223213512996e+00
1.649279427005652110e-01
8.485289277692463772e-01
1.085729427413515857e+00
8.691079696502952423e-01
-3.890248918556832858e-01
2.088286477023400423e+00
1.606575997189945149e+00
1.678852487062626464e-02
-5.375504190854609732e-01
-9.738602352524957650e-01
-2.760557555486223280e-01
1.157941637970764548e+00
7.614765656379653969e-01
-5.336462643626381785e-01
-5.237334387305440098e-01
1.115699361167508785e+00
6.988318042071552938e-01
-8.010353702289696454e-01
3.556056964367189654e-01
1.019006570806772816e+00
-7.414539421277637210e-01
7.187058013282963120e-01
1.333926393815787259e+00
1.265423121884311275e+00
-1.839806720059931899e-01
-6.961904374080627456e-01
1.086942226082978413e+00
-1.094557135082084409e+00
-1.910176609334493514e-01
-1.717321100967875935e+00
-1.314390805509420224e+00
7.507399934147050979e-01
3.820591961774735257e-01
-6.257779544854569220e-01
7.184236557028389480e-01
9.361360072772382246e-01
2.255597644424946202e-01
-2.236719132526764908e-01
4.455364848912571896e-01
5.889090700089711916e-01
-5.149516891056824530e-01
2.328027523397153686e-01
6.534457437286671500e-01
7.483413514776637854e-01
1.275460899788766644e+00
-9.421321145996062185e-01
9.342736223985174115e-01
-3.665601571780333634e-01
1.023178103310057874e-01
-1.268334035770549928e+00
-4.855170562665236944e-01
7.790683134850580061e-01
-6.025920555164687720e-01
-2.785949596836773678e-01
9.040366249349877092e-01
-5.257767391832687265e-01
7.022326596290954237e-01
-1.971361776704567248e+00
1.946306106133192770e+00
-2.168831731521357331e-01
7.526401146051387991e-01
1.032986963516622447e+00
6.423151197097120013e-01
-6.085422476230866184e-01
-8.037997730433527055e-02
-5.436107594631609530e-01
6.886996492885427701e-02
1.528976388117019081e+00
-4.443745360523684296e-01
1.901827489768640189e-01
-2.882780477525263840e-03
1.085386512316283358e+00
3.465664807850473705e-01
-1.320159673641626563e+00
1.256298365589808563e-01
1.134050987793095766e+00
-1.941419389291601849e+00
1.310671889998439310e-01
-9.008819910433411016e-01
-4.180089904116768285e-01
5.635019028168462007e-01
-4.473762705658435035e-01
5.555001097590306358e-01
2.696269007357930958e-01
-3.771603455656150627e-01
1.687109820328804632e+00
1.148663928114177057e+00
5.253113869018380955e-01
-5.719073430345946729e-01
-6.464366763263649229e-01
-4.375505836284642736e-01
6.179793277045502187e-01
-1.129829402216158130e-01
1.406164951970769073e+00
1.222531024181207515e+00
2.850463909078304603e-01
1.777272651641659817e-01
1.052687154748017440e+00
1.280955650033915649e+00
-3.085906383579593570e-01
-1.462331683912226066e-01
6.436347689715540277e-01
7.257917235725255267e-01
-6.193477499173137835e-01
-6.289015734075935615e-01
9.811516548136416382e-01
1.131548247302865517e+00
-6.538202268878022805e-01
8.500951379156356236e-01
1.050953187173343739e+00
4.505090485429352753e-02
2.296530005581261413e+00
-6.026215997395856228e-01
4.050214296910112366e-01
6.581280122388730724e-01
-4.023289633597535442e-01
3.673500625280723408e-01
-6.051762116515848611e-01
6.796784477125276114e-01
8.579810540710187672e-01
-7.478326687250719251e-01
-8.437068409641970135e-01
1.721770571510686132e+00
-5.841703593456714083e-01
-7.551256547082807469e-02
9.801833169135499846e-01
1.050021733076475616e+00
8.695412951691128267e-01
1.195704045267858007e+00
1.337401330528144860e-01
3.004427916436572810e-01
-1.779489238013290286e+00
6.347591766781748857e-02
-2.075124384903951347e-01
3.179698144399205062e-01
1.984334846973819122e+00
1.593778407518065210e+00
1.171047147887588347e-02
-1.863796970398603703e+00
1.642515997885185541e-01
-4.150178466421330925e-01
-1.178732749481305575e+00
-1.588470398837537323e-01
-3.075082839501581677e-01
1.842114416412555578e+00
1.310738115539938020e+00
1.437260295560485179e-01
-1.292253849609824368e+00
-1.929110745492234602e-01
1.175037015361147130e+00
-7.615417739576634260e-01
-3.712750747151167263e-01
-9.869948942894419819e-01
-5.298328931658610186e-01
-6.369429384440118413e-01
-7.964526338161536101e-01
7.495957105384498664e-01
-4.620158751643954620e-03
-1.013529872006092125e+00
-3.956474301292228768e-03
8.166657865281363726e-01
-1.132653813997281100e-01
4.935028991649775820e-01
1.633071575135846276e-01
-3.200058571293605825e-01
1.280415627848197957e+00
7.995806421443394374e-01
9.068661108308690988e-01
-1.101706067251884580e+00
2.870862555708651453e-01
-9.365330429141845991e-01
6.174528633085667462e-01
6.102117675899799282e-02
1.205886463690248434e+00
5.975607875042623363e-01
9.276998966033545013e-01
-1.695564105744795103e-01
-4.810226423668445550e-01
-2.077764685779833753e-01
-6.885537543452459053e-01
-2.608087364072518843e-01
-1.043400504280126206e+00
1.938187002273279891e+00
-8.448916927323957271e-01
5.958375801876134581e-01
1.093479682742759973e+00
-7.421513220621887008e-01
-1.052248938306392378e-01
-1.266253627170144669e-01
-2.159244459653455184e-01
1.815653637754936822e+00
-4.646356257678769808e-01
-6.180123209568877396e-01
7.911796459238205903e-02
1.196307624483057497e+00
-2.757244888766747781e-01
-1.358280253215737865e+00
6.790762998883297097e-02
3.550358040919954772e-01
-7.100485010438734035e-01
3.051147179657663910e-01
-1.623015244633584153e+00
-7.230534053432366992e-01
-5.257943127578126319e-01
-6.981195851750723325e-01
-2.794630660580770254e-01
1.168082964562369597e+00
-3.401032858421491056e-01
-4.441883315531099941e-01
5.132165922479391129e-02
-4.949893833813628352e-01
-1.349286768006860315e+00
-7.111106907141002687e-01
-2.463909617402945118e-01
-7.398092713576231993e-01
-1.898661344901451331e+00
-5.072624821893128022e-01
5.009447738602275102e-01
1.958622236877860523e-02
9.966049587146116884e-02
-1.022405736235503459e+00
-7.209746921678447107e-01
-3.961464432263467339e-01
-4.391847902337079335e-01
1.632442881262435641e+00
6.042614389158692534e-01
8.799193496336916720e-01
1.319517070564498740e+00
-1.323779799272303714e+00
-5.745188078442821089e-01
-4.466155400777849227e-01
6.378744644544637188e-02
-1.664887659127474384e+00
-6.143250508960231837e-01
-1.552819849842927313e+00
-8.996915505973454019e-01
-1.290832710005963557e+00
-1.198493838244597320e+00
-1.458368541203124424e-01
7.924905694195727435e-02
1.869696680521480692e-02
-1.141067713324257493e+00
3.166615136081527559e-01
3.566075624976812741e-01
-4.023897457563661018e-01
8.363000755912776141e-01
5.821960992261259182e-01
1.007718264677797571e+00
-2.151736342163314220e+00
9.314293866382092890e-01
-1.823979069813637777e+00
-3.271719923175750999e-01
-1.014862886119650920e+00
4.416640679593480945e-01
-3.247911245831544003e-01
-8.913676891746364905e-01
-1.946228009846955320e-01
-2.042615531123849748e-01
-3.264628619497885742e-01
2.930162661716085304e-01
1.308531367477863361e+00
-4.935003372477148043e-01
-1.383212437661488492e-01
2.861187148155426296e-01
-8.989880376898113923e-01
3.781327946598479484e-01
3.624791567312929952e-01
-1.056547142100666914e+00
7.136208136002375468e-01
9.002780539429457995e-01
6.774539789951472546e-01
7.979072162101803478e-01
1.517717484190998167e+00
1.384974969659077182e+00
-8.215313720905710326e-01
6.166567115916063990e-01
-4.737462188719828160e-01
-3.225398361734375108e-01
-1.589750890954739759e-01
-1.106668944055240855e+00
-7.790172280571416863e-01
6.029839457623692445e-02
7.208019653705188823e-02
8.353100752079439806e-01
-1.067643999190285520e+00
-1.628784590895178352e+00
3.104188500855281085e-01
7.007480707157140998e-01
1.440258050391714839e+00
-9.339577918711966520e-02
8.723669261357289706e-01
-1.756297268572202253e+00
1.149208473490017646e-01
-1.468885275829518999e-01
-3.548062831922023652e-01
-6.964832330006263117e-01
-4.371198425821918310e-01
-4.848842895323681179e-01
-1.563784211648784617e-01
-7.418300889500253348e-01
8.332680106129710662e-01
-6.884074495930248005e-02
1.306337097080665921e-01
-2.883649830616740184e-01
4.397230577573106314e-01
2.214933975495115004e-01
1.189971288997573318e-01
-1.277885904908762915e-01
-1.569148388562742469e-01
-1.187177569784020781e+00
2.993511500560068206e-01
4.571816981595339113e-01
1.031135316741597308e+00
1.312683412040399400e+00
-1.039076898390493442e+00
1.567573696255273097e+00
1.170569469062547441e+00
-6.482903662141942247e-01
2.193199043012515892e-01
6.514247644954199723e-01
1.801884851608875904e-02
-1.908500651662845327e+00
5.638258335698430601e-01
-1.332892910947538923e+00
9.346791833868923760e-01
-5.265335496173930707e-01
-1.962045736012242747e+00
-1.232334247169583619e-01
3.682906218392864028e-01
7.351071825227173395e-02
1.137590068326131743e+00
2.994511641940816316e-01
-1.674094294653167170e+00
-2.754676704488984162e-01
9.422301927875742500e-02
8.235835427758400051e-01
-9.309479412818721933e-02
1.613358343696681185e+00
-1.326074349681284570e+00
4.319593908837248697e-01
9.834791079059398422e-01
2.336452332759405420e-02
7.052077767619217008e-01
-5.175804504874681466e-02
4.235519292983468409e-01
1.159685297453688424e+00
1.361558548976702365e+00
5.514234149033132582e-01
-8.986187120689121954e-01
5.781997825132687563e-01
-3.518597930702478949e-01
7.108683115246667850e-01
1.137804212579409890e+00
1.103306638050394195e-01
-6.731580951648490352e-01
8.103532696450421735e-04
7.680326637740317874e-01
-8.358288310435495472e-01
-5.260997864435701388e-01
6.368259366864240656e-01
9.569904086829277290e-01
-1.069725748752536454e+00
5.116467052256837844e-01
-8.197743782005306734e-01
7.861567840519043671e-01
-1.147403239036159039e+00
-9.854712245342489574e-02
-1.342575702088852019e+00
-5.915648345224676641e-01
2.145673670819215340e-01
2.180164685405904246e-01
8.563637025533109570e-01
-6.255068600554706260e-01
1.481577246001573478e+00
2.150149524288728298e+00
-2.530818949054109979e-01
-3.920041848928784156e-01
-2.009365802364259379e-01
-1.424465538428134337e-01
8.045103480425902509e-02
-1.006215938132386939e-02
-1.116581689413164991e-01
6.427641832361760121e-01
4.772068258105192085e-01
-3.542582623330270408e-01
-8.093526252531209053e-01
-1.042453144003760712e-01
-1.019341275736548091e+00
2.335226079326140347e+00
2.496557567205933470e+00
1.840754901470679439e+00
-8.035182497670134705e-02
-1.663802937196805498e+00
-3.729130914195819546e-01
1.004710238886695528e+00
-6.934115670133992326e-01
-2.433395252010911447e-02
-5.085002362072357229e-01
-1.471743182200739852e+00
1.624738415473260811e-01
6.645799672048495754e-01
-8.666679313332290580e-01
-7.149039939695153167e-01
2.919726962722790642e-01
-8.886670527627331673e-01
-1.251617068935132193e-01
7.170982069724152197e-01
-4.509639896835481165e-01
2.988429997921982495e-01
