-1.621631438395554348e-02
1.092221286942117175e-01
2.656588637513407347e-01
-9.862863661679619476e-01
4.126832748322433186e-01
-2.708393882337079006e-01
4.818834543030967033e-01
-2.110985411489732511e-01
-2.150054166008247836e-01
-6.098780600276543229e-01
-1.515275986499146965e+00
-1.719178667082280842e+00
-6.687674620143868598e-01
-1.171328819780818709e+00
-2.636421669656436317e-01
-2.532795131947920275e-01
6.175653454716010238e-01
5.470797650158586434e-01
3.676800937690045679e-01
-4.383118726673210785e-01
-8.658200887605966845e-01
-4.709204887383369176e-01
1.444707868787074301e-01
-1.251572777175915530e-01
-2.727074151034231120e-01
-1.672505748014729843e-02
-4.725349489438855910e-01
5.234457635971895284e-02
2.770368145496783230e-01
-5.946059680826746296e-01
1.663310479443477208e-01
5.191982687924303619e-01
9.097227144149814260e-01
9.175240246939695421e-01
5.012547864566827549e-01
9.739669585633911053e-01
-5.816515417461509685e-02
2.345214291879327562e-01
2.570227872924581436e-01
-1.848535609276458769e-01
1.788902207503933472e-01
1.113926362065289777e-01
1.825243306003410115e-01
-8.035092564123008652e-01
-2.754252260323114543e-01
9.476877974016673090e-02
-1.110847273817248126e+00
1.523587468985548588e-01
6.223320227157562723e-01
-3.705755317292147022e-01
6.954393521759385521e-01
6.557115641564601471e-01
-2.066842677008568496e-01
9.463049819386983863e-01
5.891509876538687518e-01
-2.867413818396265524e-01
9.696268951232279720e-01
1.528733888167508881e-01
7.942001741628252898e-01
-1.274873998237873451e-01
-1.096170356154440723e-01
9.752746090543547020e-01
1.388038173967026889e+00
1.019160174081573889e+00
9.486009360865702567e-01
-5.345462224515186156e-01
-1.989087117834675844e-02
7.353363952053828534e-01
9.171556326491558941e-02
-1.663924479458088745e-01
2.288091371077516367e-01
-4.083803881693055526e-01
5.298797572559078572e-01
9.744987828458451240e-01
-3.459092439653804196e-01
2.599156988254069378e-01
-5.751777634720653953e-01
-1.667202792993843774e-02
-9.579103651168279221e-01
-1.125318920949956031e-01
1.212327729219433992e-02
-8.397670946721982332e-01
-8.744064184306068466e-01
1.328322169344382520e-01
-7.092523443549076934e-01
2.194055537642936732e-02
-3.999546629190220970e-01
8.769734848000481087e-01
-6.176185398294125051e-01
7.691733724055987986e-01
3.545552286707887024e-03
-4.433485782700863354e-02
-3.884272660142627787e-02
2.144585115749915449e-01
-4.964187269599205643e-01
2.368723166630157251e-01
7.499548102900782665e-01
8.779062588515590404e-01
4.426080167330376236e-01
-9.764283945989105096e-02
-3.909498215820275124e-01
2.493520126707008400e-01
-1.049324857651118714e+00
5.984163832011204498e-01
1.114258314726936372e-01
-1.667666366338053097e-01
3.674814004331651285e-01
-1.762440130974316510e-01
5.744709229067690437e-01
2.320235821492184214e-01
-6.797270397887974491e-01
-3.616905260934258348e-02
1.354381705168567762e-01
-2.365138522596777759e-01
-2.361184438662788654e-01
-6.800075384199408268e-02
1.602743154903243927e-02
-3.334653481803980246e-01
-1.170196090464726835e-01
-2.302922559576327799e-01
9.008524094704582763e-02
2.273359727807090225e-01
4.922968458222235499e-01
1.908362921343347729e+00
3.850641954441427206e-01
3.310063558434302444e-01
-4.121369862467905709e-01
5.409871828779548864e-01
1.908918435555880255e-01
-4.445366960515234611e-01
8.406252321979562625e-02
5.249465366382685128e-01
3.708935288659220841e-01
8.132473655820859904e-02
-1.342744502790018002e+00
-7.250816196758429477e-01
1.659014103048032374e-01
-3.103842444350161101e-01
-2.747726143843179925e-01
-9.185533698009568093e-01
-1.030793644496585115e-01
-1.244440012748559976e+00
9.504722877684900206e-01
9.163501019240514189e-01
2.149285966077650323e-01
-6.547313768951382729e-01
6.045471181432173768e-01
1.950546189123862351e-01
-4.715455286513057787e-01
2.004940786391279373e-01
1.308517320693557417e-01
-5.802784387476442873e-01
7.221955229559072764e-01
-1.180503374125978500e+00
3.440849341493483760e-01
-8.098706904134942430e-01
7.967485560910666509e-01
-8.102069537070391569e-02
1.934582977529106795e-01
6.924118931958759271e-01
-2.319073701799067022e-01
1.244797019296641771e+00
1.526088479991853042e+00
-3.208624392955965465e-01
-1.722850564154575215e-01
-8.825196857996675526e-02
3.979082042933063112e-01
2.751291079611258850e-01
-4.078660488091921943e-01
-3.679439038696901698e-01
-3.929167648207356756e-01
7.076745584518686627e-01
-2.437223233375209186e-01
-1.018639974287360417e+00
-7.114146262926510644e-01
-2.683634477462514822e-01
7.194823738839422056e-01
-8.282610694110150718e-01
7.636941934324423809e-01
-6.332945698958707126e-02
6.393925460734737332e-01
1.300121373034317962e+00
-5.854324026726835939e-01
1.889667127238280786e+00
-2.027424820889023316e-02
6.569449719179615288e-01
-4.594109069600703643e-01
1.727406083985222329e-01
4.565585668085232474e-01
-1.046658571801437176e+00
-2.080715567841873170e-01
3.246720562974862445e-01
8.777729664004796373e-01
-3.594154873465191802e-01
-1.388260340200336840e-02
1.212680335885276017e+00
-8.048875743429917407e-01
-7.306483217539615493e-01
2.438842752296713767e-01
3.875369461061317633e-03
2.408257779831728118e-01
-5.905020074678896114e-02
-8.493231061383242630e-03
-5.138229806642791164e-01
-2.331498334342081147e-01
3.398077898200975444e-02
-1.336466038299769787e-01
-8.160277473635615397e-01
5.347977751636145971e-02
-1.218197521632912617e+00
-1.488573911906149738e-01
-1.355982480650862909e+00
-9.261992123470930149e-01
9.211497288594141519e-01
1.153680609080364183e+00
6.089992920687601341e-01
2.487990132058842396e-01
-7.500980005253568561e-02
5.565729766030556025e-01
2.773315040962798239e-01
-2.986335714729626001e-01
4.920689378578244066e-02
1.217744559536315663e-02
-2.082280018629886209e-01
-7.709456128336390490e-01
5.579438863578702890e-01
-3.961958242446775302e-02
-7.542699885710428820e-01
1.483086820333935629e-01
-5.889288036304356488e-01
3.845341682890976998e-01
-2.552651601477431420e-01
8.240570193016448775e-01
6.002792889985687497e-01
-6.906307249631210565e-01
5.283722415695939478e-01
-1.374668359390275096e+00
-9.594643771662036968e-02
8.788297976818766621e-02
-5.380721919847777368e-01
1.156214847512651245e+00
-4.398480178808058527e-01
1.197646290831029692e+00
5.686227109100772115e-03
2.911296858683636302e-01
-8.213852954870600742e-01
9.555700331426136840e-01
5.809809513863953834e-01
-2.604155603303401345e-01
-3.750104384635281063e-01
-3.799030641356495597e-01
-1.533667748638644635e-01
-3.152064864776729092e-01
-3.362572764049395202e-01
-2.325313308600101547e-01
-3.366953007342656790e-01
-1.630072296751571281e-01
-4.934408851268956009e-01
-8.265800253224342420e-01
4.958787169220815749e-01
-3.207794660516523066e-01
-8.509878537288138034e-01
-1.049837595031354764e+00
-2.640029799061791582e-01
-1.576346662046016478e-01
1.143566844152347217e-01
-9.763740965192075905e-01
-2.029779782875555383e-01
-3.265831193036806135e-01
1.107668321021621605e+00
