-3.382843305282962620e-01
1.661252683198763680e-01
-2.183655015743982131e-02
4.448766263512739516e-01
1.501742867630176913e-02
-2.784212419768812286e-01
-3.686938711508459532e-01
-1.515289922872968265e-01
-6.760633099396269607e-02
6.384888055765858272e-01
2.150388415405033171e-01
5.828510716402830472e-01
-1.585924629732577210e-02
-1.582409969443076547e-01
4.989920775371205208e-02
-3.906553862384372078e-01
3.437240295623406605e-01
5.545551131189651040e-01
4.979205303527859533e-02
2.015750617440031645e-01
-5.807550436597970489e-02
7.584945568588925546e-01
-8.831965720995431368e-02
9.095276784879313681e-02
-5.620584604394074368e-02
-4.304426789372997608e-03
-8.892883055152402128e-02
6.311408733133552773e-02
3.670989270998917253e-01
8.568489212599571525e-01
6.605095348141887257e-01
-1.717778234544348193e-01
6.288220381927123181e-01
-2.410774579276468432e-01
7.974769302437977325e-01
7.144973578456249585e-01
1.487320682556152185e-01
1.625810402509119956e-01
6.990837358230534981e-01
1.803572533225786256e-01
2.140871555321824382e-01
-1.899017074817388184e-01
5.562698901971659116e-02
-2.308245795535270872e-01
3.217659232279675152e-02
9.127105198630695859e-02
8.757516979392603318e-01
5.269656316901379089e-02
9.048781256256743788e-04
-3.176517237949531558e-01
1.783127679654729070e-01
2.252545983133348861e-01
8.104197754745731119e-01
6.958412370637210298e-01
8.773314800961865001e-02
-1.174672317243721092e-02
-1.558003396562901433e-01
4.620870160422757555e-01
1.655396757544887743e-01
3.286031599486495258e-01
-1.417147697836714793e-01
1.178065446006503272e-02
-5.334021267103753461e-01
-5.273557782092697793e-03
3.082140351141383905e-03
2.500056841785878725e-01
4.240717032883426496e-01
-3.368453411598530400e-01
3.961964031891160865e-01
-1.646644570512101613e-01
6.139666337081226555e-01
2.264691009972573110e-01
1.504061058053449973e-01
-3.441065008592492647e-01
-1.277405577215161847e-01
-3.301234667319269955e-01
1.731827074311988457e-01
-2.358659007396556873e-01
-1.817180057050434561e-01
-6.159945868225295135e-02
3.057227801952651647e-01
1.115201973489118870e-02
9.855074486211204410e-02
-2.666741918840566661e-01
2.644161858646432162e-01
-1.427129932657593692e-01
-3.473548047444123821e-01
3.402275498868191361e-01
-1.243146639320585889e-02
-1.565634598666404420e-03
-6.947731465944191609e-03
-4.618263963747534229e-01
5.562350202240484709e-02
5.362653687653370915e-02
8.951813413255893526e-02
-1.559035120130770058e-01
2.180971885395893151e-01
-3.061564215254193588e-02
5.293014081014169037e-01
-2.449336021468602742e-01
7.540965347973919986e-02
-2.782659611199175820e-02
1.097073864835437007e+00
2.989759592171939429e-01
5.386811770821327006e-01
-6.227978947886133460e-02
6.195802846297289168e-01
-3.641655258004270618e-02
-1.795961303285389943e-01
2.077670217279249387e-01
8.521218350964010479e-02
-1.271053907234228342e-01
-2.305375083179793672e-01
2.163823826320545041e-01
2.924427300149440856e-01
-2.028783449201828626e-01
-6.118611698267314436e-01
1.939553563790654411e-01
-1.583103117618668843e-01
-2.877736161046516306e-01
1.453634435661799174e-01
6.948204569978502776e-02
6.823308115444118305e-02
-3.590140210485354699e-01
9.029448461379037394e-02
-2.992576964276856266e-01
-1.040805165896586670e-01
-8.936834205568093548e-02
1.097017343615296070e-02
7.655025528503107968e-02
-3.297984827788049689e-01
1.787356758852651772e-01
2.575394610838555587e-01
3.478533628348406959e-02
1.033309396802243041e-01
4.740503579380594967e-02
-3.007921162943305582e-01
5.058520547460700068e-02
9.107339699969786428e-01
-2.384749716477120307e-01
8.065236319939476095e-01
-4.246017356682416782e-02
7.156046972127814154e-01
2.243037837083677877e-01
8.925779963201189993e-02
8.459695540199950459e-02
-1.756628892259078645e-01
-8.239234835854351846e-02
4.750617107683222096e-02
-1.923497557778182376e-01
7.234809585863147263e-02
7.344742330699091659e-02
-6.612512610674520230e-01
6.742423364493270732e-01
6.547539089834258919e-01
1.463263165643055030e-01
5.698448008929009045e-01
2.485640285051894105e-01
2.168317266321340142e-02
-2.635664898908776643e-04
4.826341579608682264e-01
-7.150436972347972153e-01
-1.287590152998138726e-01
-2.089020027447545114e-01
2.696911301606940703e-01
1.333138585523193642e-01
2.670327153212577187e-01
-1.323708869799323784e-01
5.023658828977513036e-01
-8.101045366807378967e-01
-5.097250720210761976e-01
4.925278927429668774e-02
1.513459447529557078e-01
-3.923947298714030030e-01
-1.564667241262958919e-01
6.759152855904642099e-01
7.785604877174305827e-01
-3.314605353776448049e-01
-6.929760764199324741e-02
-7.009103721806225762e-02
