5.265734736595980570e-01
7.135645616169452587e-01
-1.384355902769592417e+00
6.452742837874972937e-01
1.791449800136640569e+00
-8.150215311341274527e-01
-1.026431274997765541e+00
1.797456195660165568e+00
-5.858903595272639819e-01
-1.736571649518270810e+00
1.223895026186578860e+00
-1.908418811575929741e+00
-6.092460757607527366e-01
-2.958398487269551236e-01
-1.068068684050954786e+00
2.025442947649136904e+00
9.413047449385886223e-01
4.182755330504049240e+00
6.878339556265848920e-01
3.384853202894291813e-02
9.907680922385275757e-01
-5.677674053836241352e-01
9.698163125481508162e-01
4.852382296936580408e-02
-1.411260360308441153e-01
-1.022196306030138668e+00
9.850727580311759990e-01
2.900231130021609927e-01
-1.640523317929964309e+00
5.718840236212016648e-02
8.243184788711492850e-01
2.600531889269275254e-01
2.324620298378695882e+00
7.063777119435679097e-01
1.982695898367527132e+00
7.595053825837194683e-01
9.955455916539645012e-01
-6.644805815465374410e-01
-3.964402060802089678e-01
-1.430463354698383593e-01
9.941940157144936174e-01
-8.807338549433491037e-01
-1.096222073818364118e+00
9.870796670136536277e-02
-1.944585101392370952e-02
-2.053550363090379527e+00
-5.125663465202026092e-01
-1.862320031552073402e-02
1.743991973528341344e+00
1.082733662580885436e+00
-1.658802923059979673e+00
1.064361685893817633e+00
2.538367348525243372e+00
1.736493523336027689e+00
2.170551044725745893e+00
5.642750211854677955e-01
-3.857086013938004765e-01
3.850103416649569010e-01
2.507751480955406453e+00
1.316970241428677468e+00
4.626277814786178277e-01
2.113210293495307590e-01
4.198840327509041348e-01
4.915214025711498458e-01
2.507168269024461882e+00
1.926960985870652010e+00
-7.449808482158009060e-01
9.300892496457795477e-01
-1.791184470501142045e-02
-1.924145173649029150e+00
-1.655619336885804316e+00
2.510639308901218003e-01
-1.745737331030421613e+00
-1.069858023148777093e+00
-3.036732793291654353e+00
-9.858080731998138946e-01
1.429144928584131780e+00
-5.359746108665802700e-02
2.287590592213933238e+00
7.809766259750405837e-02
-3.170367028070547599e-01
7.333867347085334387e-01
-1.770869118715577617e+00
-1.182510901215443055e-01
1.205504416096721876e+00
8.632836945181141530e-01
7.547362064667282322e-01
1.696122854707538874e+00
-4.235744355143149509e-01
1.561495817418599719e-01
-2.260181569374284938e-01
9.203601745036213977e-01
7.472167340874340258e-02
8.371015188091421866e-01
2.258005181423710095e+00
5.917060266597422569e-01
1.461748222540779074e-02
-1.300850236021936501e+00
-6.921309380321750693e-01
8.805636171986439553e-01
1.288346084237635747e+00
2.549698789146984668e-01
6.851593948508964971e-01
1.820116237598589759e+00
-7.565675382473956434e-01
-1.493694014074097076e+00
7.207675189257886084e-01
1.205925398514393621e+00
-1.160202239222577925e+00
8.845761028764104195e-01
-8.367134820711406018e-01
-3.234725142189070479e-01
-5.382961010927562739e-01
-4.613079214909059367e-01
6.819640051408430992e-01
2.791464908640774567e+00
-4.783152253756519090e-01
9.632195968345885762e-01
7.323495699330088149e-01
-9.483437270272740971e-01
-7.183251184484682472e-01
8.754566368494425266e-01
-3.322805645033819477e-01
4.597975718151375291e-01
5.165057499835666865e-01
-8.289329493146275762e-01
-7.151923987381902936e-01
1.417220015681715406e+00
-4.276799462925124362e-01
-6.256121782505070783e-01
8.321059078105054185e-01
-1.022751790343580547e+00
9.236914347776711276e-01
1.034620274866569073e-01
-3.009213636240167244e-01
1.032836832860764220e+00
-1.599070789794252878e+00
-2.823987899013315483e-01
-8.771674597710328314e-01
4.032786791749759514e-01
-4.936869679002245381e-02
3.430889266950204464e-02
3.233969403652749985e+00
5.529902185301418388e-02
-1.398102446301370816e-01
7.268669411029161642e-01
2.884000206750836348e-01
-1.360403883130772762e+00
5.951408022369371054e-01
5.360077831860180497e-01
-3.152857468794557083e-01
-9.470931516560272823e-02
7.912290614863164429e-01
8.693090880440259571e-01
-2.324080098805231809e-01
-1.073229713345936975e+00
-5.134154283096813431e-01
-4.495545247623480845e-01
1.324092116101389216e+00
1.861345478406684517e+00
8.781834076297020397e-01
4.728904919886145475e-03
1.204560134704049101e+00
-1.176851945178312819e+00
1.571349732500168628e+00
1.009638641733859421e+00
1.014303793784680829e+00
-1.537968349915183053e+00
1.303695488568098471e+00
1.273410905003370841e+00
-3.155599250955840596e-01
1.711773906174869353e+00
-1.934378799479976596e-01
-3.726682249941840053e-02
4.897524221602890249e-01
-1.086236953716169129e+00
1.551982503033930150e-01
6.932323639327222509e-01
1.731190710755099893e+00
1.303114094491208519e+00
-1.444984615874279343e-01
1.364536131918235584e-01
2.350166283304340187e-01
1.175494818273353365e-01
-2.107558826370316551e-01
-3.462627925515683880e-01
1.755211282869818812e-02
3.547827027764097196e-02
1.264704722798171421e-01
-1.373434548363559049e+00
-1.825008556936668969e+00
-2.736373828330575186e+00
3.378889335865917776e+00
1.914177494807081326e+00
-8.987003508634996418e-01
1.122238489426363506e+00
-2.288864402267118403e-01
8.502914539320232112e-01
-1.594858241381606145e+00
7.103871174346491069e-01
4.718590736288937881e-01
-5.967513454286915708e-01
4.542541105346850072e-01
4.704032755478511074e-01
1.917187058716879555e+00
1.169740356270294823e+00
-6.125604666832287215e-01
1.794262413458965311e+00
7.257167532413142386e-01
-2.013485662622205852e-01
2.195134435846461396e-01
-4.069066811227458058e-01
-1.568888643028400753e-01
1.700559536580146247e+00
7.090153233081768480e-01
-2.097818847877335191e+00
-2.991922877271475101e-01
-1.740702968823411648e-02
2.950609441016388002e-01
1.145474274734891995e-01
3.049677689908536493e-01
9.768288314711423559e-02
1.552069580998542975e-01
-1.268807698828368524e+00
-1.502529236927319545e+00
1.632998128931965276e+00
2.712243622120733555e+00
-7.543061817091509247e-02
1.727051641710395824e+00
4.501361430166808120e-01
1.362708837913051418e+00
2.299384889745395455e+00
1.869689667021308788e+00
8.603171538244086536e-02
-2.017302835686932916e+00
9.874562701496649719e-01
-1.211028230487109225e-01
4.934820931846041203e-01
-1.970471255565406477e+00
-8.127756198635188722e-01
2.145376754263367047e+00
-8.427256601868447772e-02
1.683182634000292888e+00
7.404019166104538474e-01
8.974287595915115823e-01
1.106173025767402951e-01
-1.807596599562979689e+00
-7.554152791074381090e-01
1.975064570378847195e-01
1.087359727221114181e+00
-5.252765198724988760e-02
1.613610901918649532e-02
-4.336126190958772830e-01
2.070973623490598214e+00
-1.452677045996315641e+00
2.905620807203561196e+00
-4.888770685634841739e-01
9.267946834405946799e-01
-1.907456776061180748e-01
2.849357058637024265e-01
3.098667666249295571e+00
1.647776274368492722e+00
2.470641578098567326e+00
8.226841597440611720e-01
-9.628709679197304805e-01
2.196619332895536125e+00
9.068954300413395453e-01
2.628094918530502255e+00
1.402903079153412280e+00
4.213359194883813941e-01
-1.109880301650235213e+00
1.447966560679405212e+00
-1.062363407096718504e+00
2.244225282156401491e+00
2.082406536398462849e-01
1.739092010857575588e+00
-9.622482045286629981e-01
6.843366704507560794e-01
4.729529818625866078e-02
1.024267697063400373e+00
-2.370701482146482519e-01
4.523121336049328867e-01
2.007170101378317195e+00
-3.917067715031651076e+00
1.770455274166503834e+00
1.129271297129704532e+00
5.595041597340171258e-01
1.299309040549978755e+00
1.823562448925383439e+00
-6.676988967902935945e-02
-7.144635776406117467e-01
-6.748305050847406283e-01
-1.568027891127620199e+00
-2.365056394757888147e-01
-2.949040088770300549e-01
1.946579925827045532e+00
2.311686387494103379e+00
-6.778630200656449167e-02
-2.576830071642994380e+00
1.418863479798427307e-01
2.233945503432870350e+00
2.288364347145729116e+00
-1.494792489483854458e+00
1.619618776792618897e+00
-1.074804530698693361e-02
-4.145562423190366497e-01
9.959781572828398932e-01
5.700888738201240757e-01
-5.499400066832792894e-02
-5.222335273172570291e-01
-1.256309582301470718e+00
6.094441271406765281e-01
1.108113531667118012e+00
3.740313682396423367e-01
-2.245619731568996524e+00
7.191313167175881205e-01
1.259509144070316555e+00
-4.768390806005610161e-01
1.376570836366066697e+00
1.048044652876981786e+00
-2.329015565149704370e-02
-1.006140811922882961e+00
-1.529517002610732423e-01
-1.840459886030375303e-01
-7.051846813935156444e-01
-2.338314875374347235e+00
-4.117756842123268535e-02
1.388899333505742295e-01
1.084174225660202717e-01
-3.946864953284509592e-02
-1.478979601167130564e+00
9.303502929614571038e-04
1.838626780426855678e+00
1.077228341651069066e+00
-8.632764656195411612e-02
3.859318551023442012e+00
8.296746771903501516e-01
-4.563172442652876915e-01
-4.857364084380685343e-01
2.481945663756152776e+00
-1.228246894411370249e+00
1.341835130225994543e+00
-7.333345055154127934e-01
2.915402335968162451e-01
4.509466196060615828e-01
7.067848225466879519e-01
7.376970558238413744e-01
-2.929945985165001154e+00
-9.749187953677960206e-01
1.480730912231018326e-01
6.499542543998453326e-01
-3.116731626669699828e-02
5.781759593651399909e-01
2.227065979869403911e+00
5.879700149736682979e-03
-1.862602669388847776e+00
-1.411536431200114405e-01
9.126749396260149805e-01
2.830740301072254272e+00
1.347278465849334639e+00
8.994167222407417617e-01
-2.997861927405682247e-01
-2.693325231030959888e+00
-3.957075962338127972e-01
8.836851094665667400e-03
-2.897992904781748091e+00
2.606140799672461927e+00
-4.620690234013947739e-01
-1.413027219288131464e+00
4.508237705977947707e-01
7.934614883720338963e-01
8.109056678386199479e-01
2.675244766028714860e-01
-1.945403485406646427e+00
4.252357374023659986e+00
1.417211380824511924e+00
1.730312681665548302e+00
-6.206481314670051486e-01
-2.099987548494802958e+00
6.014424875547039195e-02
-1.497815685581321388e+00
-1.666832203978077853e+00
-1.370362476623718573e+00
1.461366446510072192e+00
-1.477291882591213579e+00
-2.304680373690483286e+00
1.275066610500291020e+00
2.089091238422470465e+00
1.493519401946644676e+00
9.621271972157663388e-01
1.147775006542068432e+00
1.169777470654045359e+00
1.596931357863096590e+00
-1.160020106141625096e+00
1.269667193348447354e+00
6.354599886172613843e-01
2.509150407209766453e-01
-9.177476315558905640e-01
-1.689837651734541035e+00
-6.699758781724398649e-01
6.042032871925701043e-01
3.277507712960981978e-01
7.262548395212087282e-02
-2.263810511687890936e-01
-1.373573310026107830e+00
-3.379165900184425420e-01
-8.472269137503991576e-01
1.047569374762544525e+00
7.283314857242628726e-01
5.529339773160594218e-01
-4.194143064315958291e-01
-1.437328825863011028e+00
2.076844871873340548e+00
1.854948798388206255e+00
1.922467127209107840e+00
-1.409446663882969464e-01
-1.127132419269028407e+00
-7.430218610436372106e-01
-1.133349008872204799e-01
-1.370059880042179934e+00
-1.676075695409500188e-01
-5.360755960546038645e-01
-2.977059493170365889e-01
-1.041910411998403230e-01
-1.926317663913281075e+00
1.639681105509333214e+00
1.567456481141318525e+00
4.651058929545456855e-02
2.832138984594176456e+00
9.586609459238957243e-01
-1.675630168789214780e+00
6.054364487480412560e-01
6.521022301253942555e-01
1.512959958638991631e-01
2.909099678876440054e-01
-2.434820035831583573e-01
6.576462730219814201e-01
-1.139222065397122563e+00
-2.496627860589340775e-01
7.883766661131158537e-02
-3.239308365938481926e-01
-1.539347763303168026e+00
-5.921594340204834328e-01
-4.789736224863633263e-01
3.470650890791019183e+00
1.460538642036894208e+00
4.501380334758771640e-01
1.992688327258007819e+00
-9.319272265674192202e-01
1.505440391805883182e+00
1.450060072341298412e+00
2.981581276814354031e-01
-5.452998330992012699e-01
-2.924703016483165552e-01
1.329439185301157345e+00
-8.752836981733917998e-01
-4.369638035504558315e-02
-5.408167994209997498e-03
-7.161796085771381382e-01
-1.268275966531134946e+00
2.197761867314323325e+00
9.206379005516580616e-01
-2.084969873587750211e+00
1.007211046832764412e-01
-1.176506940538967649e+00
1.606037258101566501e+00
-2.457972818998213627e-01
-6.679117872502488007e-01
4.817797697467985918e-01
-7.778446634543691174e-02
1.198708416013782418e+00
-2.533925298439529961e+00
-1.508806845412818287e+00
5.450001240014810261e-02
5.195328502620136790e-01
5.246899086011129754e-01
2.109181522797669295e-01
5.777184607635307279e-01
-8.529454234339758356e-01
1.760693026562455410e+00
7.718046259326684089e-01
7.771877415051173799e-01
5.451810052577634735e-01
1.469443689562544675e+00
1.260725130308096020e-01
1.383187271174992627e+00
5.009956636979507882e-01
3.555670964825753400e-01
1.732587175863037565e+00
-1.350746891944247574e+00
-3.311225166576096113e-01
-1.679490488413167837e-01
-2.223177316988980134e-01
4.470792296021073309e-01
9.604159782452685867e-01
-5.582641466503390770e-01
1.778003090528911700e+00
-1.560977433837600792e+00
-1.269993323399766227e+00
1.463169321055429739e+00
1.132351974528657129e-01
1.871275958377621507e+00
1.050393006317486888e+00
8.352696569669112447e-01
-4.811513520130215049e-01
-1.446525500505256856e+00
-1.422806959723102560e+00
5.939556749819870918e-01
-3.881065924097504838e-01
5.933996754054426948e-03
-1.772172844872557329e+00
2.043258028707317653e-02
-1.126595301482840872e-01
1.681605754671470221e+00
-4.167895781687118717e-01
9.366845220614975487e-01
3.317430357800201235e-01
2.606344398207733448e+00
-2.289394722496549850e+00
1.621759762553981188e-01
1.657096211402363295e+00
5.543886802847169948e-01
-1.846200339328425200e+00
-2.106675903187665844e-03
-5.120168499362705017e-01
-1.808868978689351092e-01
-8.724545568444292964e-01
1.141486521359082129e+00
-5.641940050834417519e-01
6.072003892531665503e-01
-9.744665466434866419e-01
-7.796095345155425183e-02
-2.118637292960984797e-01
-9.679351055369839196e-01
3.254236966962057442e-01
-1.303973189705283309e+00
-1.398889911396102859e+00
5.071915883160907912e-01
1.621635560655189989e+00
1.269764758676432015e+00
