-1.419721735871541934e-01
1.691991693768467586e-01
3.355308170432252934e-03
-1.198364464439661270e-01
1.398254142459341987e-01
3.065500210277000148e-01
1.305665234971928323e-03
-1.839446771332273189e-01
-1.625590215676693817e-01
2.683191322546929838e-02
4.651729426262894984e-01
3.275969933241889009e-01
1.685352329810680949e-01
1.650210325087889673e-01
6.555306616690450561e-01
2.546817813132087882e-02
5.424117935323322648e-01
1.353756109770615224e-02
2.319780249729059274e-01
1.463831652481503154e-01
4.446867221983853702e-02
-1.057452679028354631e-01
-1.566019395554739679e-01
-4.633357818212975321e-01
1.118220468073230361e-01
-6.842782979470621862e-01
-1.781099769768472452e-01
2.885391292985712078e-02
-1.813488889463073794e-01
-4.380144032019346323e-01
-2.239169749901049333e-01
8.109502086882143246e-01
5.288688311184980284e-02
-3.416992379219421783e-01
1.446352422840667118e-01
1.748234334621147634e-01
-7.653204319380674248e-02
-1.221484659678980511e-01
2.408120152363965594e-02
2.737932563661973351e-01
-1.036462695970938874e-01
-5.861524249806098208e-01
1.604264327846593174e-01
1.522621879107718956e-01
-1.085566144003028144e-01
-1.742854070589079374e-01
-1.138576627362086896e-01
-3.863407075055263484e-01
-2.142901217240615885e-01
6.016012520279497705e-02
-1.499037300143769846e-01
-3.304497677825963819e-01
-2.105931924433089297e-01
1.024592309477403707e-01
-3.133322819443440932e-01
-2.497607627646506456e-01
1.500139247973782397e-01
-2.329252212537801792e-01
-5.408109010540771422e-01
2.785219150004236699e-02
1.552752617472007990e-01
-4.399240163103679269e-01
-2.376597219804463534e-01
-6.188224463926597640e-03
-2.330213052552010944e-01
-1.843548735488835522e-01
-1.056602998309568997e-01
-1.012793590656288212e-01
-2.550429804069408446e-01
1.087804142205523183e-01
3.016656238372621979e-01
-3.294352802277368819e-01
1.980675242359062893e-01
8.881834739899700792e-02
-4.371862972389105664e-04
1.485243873334109177e-01
-5.204751079703776595e-01
3.876585144909536762e-01
-7.659675217288841598e-02
1.404841767292388799e-01
-1.202025028056788042e-01
-3.558927925236871626e-01
-1.309692356323219342e-02
-9.742445207837828469e-02
-2.648727434015554771e-02
-6.408492606390342461e-03
-7.495967597728095400e-02
8.561885381622467983e-02
-2.145935953269768603e-01
2.939266817704491164e-01
-2.490217910916196209e-01
5.722717552997829138e-01
1.776761035818253676e-01
1.747596648910581529e-01
-2.549001998744219177e-01
-9.836627646880877207e-02
-1.087915291372753834e-01
-2.167128487374134771e-01
-3.647764759604495977e-01
1.910668411376503228e-01
1.797166575986427484e-01
-4.543446975990690639e-02
2.199109013647859712e-01
5.025267198740936969e-01
-7.224455701356310988e-03
-3.468427912540009150e-01
3.025784636160846475e-01
4.745091298130217627e-02
1.090188703277885085e-01
-4.730493098784534223e-02
2.173829724623499438e-01
-7.221001837655142142e-01
-2.962893980456848819e-01
-4.928726843684022585e-02
7.060286792496534014e-02
2.039214048343389041e-01
-2.189004355877416097e-01
9.050697741548792419e-02
3.609614093420870223e-02
7.517542594475229434e-02
1.406861596292676153e-01
7.580340556409129738e-01
7.033819060407536794e-01
3.142488762230274957e-01
-2.983780757978699016e-01
5.443539826696770778e-02
-2.378486339518191550e-01
6.904985566206009451e-02
-3.768963836644251275e-01
6.314605129769130798e-01
1.538931024417107829e-01
1.262038138288196221e-01
1.885178424661901331e-01
1.759054373685266237e-01
-4.727289477215112362e-02
-3.533249491908617423e-02
-2.801496297216350406e-01
5.746119032728822656e-02
2.711476781626060983e-01
-7.553674352657502311e-02
-1.017863149092340241e-01
3.086249166340088168e-01
1.868121654616446137e-02
2.379884569781685333e-01
1.645297504907510255e-01
1.407258066210193559e-01
3.785362465449759045e-02
-2.988285026853212956e-01
3.716442528725052291e-02
-1.828797180051056348e-01
3.078861850362656916e-01
-3.303987031840899258e-01
2.223834308087381806e-01
1.320308776915939952e-01
-1.077290388416628497e+00
-9.968119618093135292e-02
-3.030314850997967158e-01
-5.213389547283370229e-01
8.522573311893916204e-02
8.020779863073712601e-02
-1.459505524340787841e-01
9.422924259507627076e-02
5.464610698613727585e-02
-3.638605463509882870e-02
1.239016025733463838e-01
-4.689762117420823856e-02
2.166747296074073570e-01
8.797406542999706147e-01
-1.318302129854891647e-01
-6.446941653495306956e-02
-6.525805063266729156e-02
7.720530399628137974e-02
1.496471791018632452e-02
-3.538295255977451648e-01
8.258279035638480536e-01
9.044024682748050825e-01
2.986555504620168056e-01
1.089175364691452735e-01
-1.623957558861102990e-01
-3.343291158885979830e-01
