4.666372593320170514e-01
1.637741032939104557e-01
7.212587821164156976e-04
-9.124873621967862780e-01
-4.360318960430422663e-01
6.136665738898233052e-02
-7.903446777894472808e-01
1.057520930537912074e+00
1.475601061428035154e-01
-5.864036730847476120e-01
-1.391770552080861534e-01
-6.064503169225706758e-01
4.543953371227608118e-01
-2.038844924185347074e-01
1.003708489651555513e-01
8.728238504748353499e-01
7.318573748582024585e-01
5.369214918129050496e-01
-2.949395382222218531e-01
1.031744636375326318e-01
6.531191160437369581e-01
1.217409679307694115e-01
5.658172155467895703e-02
-3.077401515865347825e-01
1.121718099352414788e-01
-2.086769336159540605e-02
3.634369676574649155e-01
2.426726724751096520e-01
7.057454655486250505e-02
-3.183423076071878466e-01
1.100921483652717914e+00
4.139533524806582321e-01
-2.036589466276284011e-02
1.221639487304935212e+00
9.351052306171490081e-01
1.275666031032198111e+00
4.974040581129279825e-02
-4.194084930780784815e-01
1.327826077405770411e+00
6.264085376000421146e-01
3.126317548323752082e-01
3.557885296564791133e-01
1.405994242620513424e+00
1.144523121158585566e+00
4.901737333282502052e-01
-1.407268385942066491e-01
-2.544346814000790213e-01
9.921510308870248318e-01
-2.756400841035016036e-01
-7.275589484399813678e-02
4.272062817384744693e-02
9.330004692802843502e-01
1.800066476690389272e-01
2.844552416999290290e-01
-1.153259005944324983e-01
3.840651377282418566e-01
6.507768979385811225e-02
4.159257508771243006e-01
2.170858014524811308e-01
-2.303623008937306926e-01
-3.231550377210746228e-01
1.716474436240834345e-01
4.118590926941591568e-01
-3.881504337519035563e-01
-2.582032661973672205e-01
-1.010463061853696110e-01
-1.511983220856754351e-01
2.360091739889107754e-01
-1.058032454385719745e-01
1.208446833096833650e+00
3.144678001229133102e-01
7.451371183835682199e-01
3.804175436176154834e-01
4.142575456409561818e-01
-5.730910234405234976e-02
-6.691951298816978255e-02
-2.851145731002525663e-01
1.924873758924112166e-01
-5.564780632350244671e-01
3.847285544928413792e-03
6.469501195718327935e-01
1.267458631322309626e-01
-2.694938219879673413e-01
-8.869117517644526938e-01
8.816095833241244240e-01
6.471346568656940468e-01
2.085538504414363725e-01
5.309137567609498731e-01
1.625398789595560167e+00
-2.023717985816743670e-01
-2.591690351908819412e-02
5.861954315936324100e-01
4.460348774718636555e-02
4.707504530234974394e-01
-2.608336373910180028e-01
2.146026118338860145e-01
-5.406551361867872885e-02
2.339948127378184417e-01
3.648628894584279858e-01
2.578616526776610351e-01
-1.507681293793782795e-01
-2.070930681681857344e-01
-1.725082303913026416e-01
1.133313105609679905e+00
5.043707480969006340e-01
7.765976666487555136e-01
6.376419205673709012e-01
8.943700521552864213e-01
-1.204129281636404231e-01
-9.848609855309078398e-01
6.162220539320513168e-01
4.639486435584168345e-02
-1.162350539073167544e-03
2.935652955053382751e-01
-2.976067284270952906e-01
5.893671620674315048e-02
-6.910776138423901926e-01
-4.635403160486283314e-01
4.186216811179384323e-02
-5.155179893819420434e-01
4.867479114516988226e-01
-1.455919535151060651e-01
3.447941318134180311e-02
1.906153644083307674e-01
8.574342430860429909e-01
9.521290161886226677e-01
-1.115466614650654498e-01
-7.613811977074663728e-01
-2.591346706483071416e-01
-5.310751093822373425e-01
-6.835600399237918845e-01
-1.014832201147660845e-01
2.855097756986049173e-01
-5.205562801063617906e-01
-1.768136303702493306e-01
5.664967425699135584e-01
-1.674825924399589994e-01
-4.304173777337137463e-01
-3.435883932158928511e-01
-2.858850801388658214e-01
4.743282155913286502e-01
5.728207080937798290e-01
6.263039770759172287e-01
5.757243261507584142e-01
