3.165104278938662280e-02
4.098299030392636710e-02
7.411752746466303277e-02
8.246215851579488665e-03
-7.291373455375184387e-02
-1.832076964543317976e-02
9.689980096210398797e-02
6.341020004055240855e-02
1.427510297380146786e-01
-9.819224139859814016e-02
3.267001344205725834e-03
-2.124932656106460344e-02
-5.080477842066560834e-02
2.751045141719469372e-02
5.117807617612716437e-02
5.875419973865518564e-02
-4.598594174727262292e-03
-1.137722471097212668e-02
-5.495503135820994228e-02
-7.226697730333656033e-02
-5.560991129504906649e-02
-2.706615706992612433e-02
-7.001686053828518053e-02
-2.847953365850383611e-02
-1.945521875236811901e-02
-4.417348933572201597e-02
-2.938947455381461793e-02
2.043640341620788642e-02
-5.556753832472721699e-02
-9.065773517701095074e-02
-3.433439915634158013e-02
-7.957512499402859263e-03
9.834973325909099340e-02
3.229284823918984748e-02
-3.937573453764202369e-02
-2.520117482027288414e-02
-7.169031434518523260e-02
5.010946932763816336e-02
6.814591490012007757e-02
8.454980468145906550e-03
-2.390792984861581441e-02
-4.993461297907919594e-02
4.378013192029969053e-02
1.590939945531324312e-02
1.525836577491907278e-02
7.485378138638344725e-02
-3.200736208702788244e-02
6.894901903293572040e-03
4.087579692921892993e-02
9.294199504447940574e-02
4.871302960793570669e-02
7.352523528922409735e-02
4.761015475844553035e-02
1.095062984696109146e-02
-9.397325627927827565e-03
-2.681682674833808788e-02
2.438523267463160379e-02
2.328291606821313031e-02
3.184793503966634742e-02
1.305621473174294403e-02
-1.785392388566565611e-02
-5.894342974284638020e-02
-5.055404022906480332e-02
2.678439552326425388e-02
-8.063685807857208510e-02
-7.733720399554674940e-02
-1.738325846307045563e-02
2.312313132231972462e-02
2.567005585287257183e-02
-7.270155498364373747e-02
-1.484556913505902936e-02
-9.920550024160870728e-02
-2.951543259185095830e-02
8.545471954501155862e-03
-7.540088993192822775e-02
-3.599983860147350917e-02
3.459802828559516152e-02
-5.884057760140438270e-02
-4.296550377454920466e-02
-3.364592794253574992e-02
-3.716909593663321465e-02
-3.010693422350302004e-02
1.991615670879594985e-02
-5.090664848248493274e-02
-2.054020782800444409e-02
-3.802173692690392903e-02
-2.147330847925124284e-02
-2.732716135671230118e-02
-4.649218673556487075e-02
2.216034218397472041e-02
8.134000445200154084e-02
4.150703562544990483e-02
5.461860758063319388e-02
-2.780976375257989200e-02
-3.065937535711567991e-02
5.329970518039267580e-02
1.717046540162699836e-02
6.169718356303773715e-02
-5.045298315144769452e-02
-1.534223526885871922e-02
5.655887766873101546e-02
-8.719970731875973519e-03
5.728216285227206300e-02
1.072488467143032642e-01
-7.913306237471176563e-02
-1.635941886569661913e-02
9.738227127090463495e-03
4.328075041561010861e-02
-2.058651876033426933e-02
-5.638404479844048162e-02
-7.301274175048326487e-02
-5.747297327212496504e-02
-9.497411651814374745e-02
2.036397215223511442e-03
4.283471349110422322e-02
-3.294366665201759088e-03
6.737816258084229626e-02
1.265187176148952278e-02
-3.330859416836173814e-02
-4.993760828399534252e-02
-1.071542349717097692e-01
-9.805013457057278753e-03
-2.028252262547105070e-02
8.162603331363961490e-06
-2.614257051559670114e-02
3.377108834094731671e-02
-5.287743777314677512e-02
4.400628128178941251e-02
4.275198693770616148e-02
9.841287072837467606e-03
-8.573832938786662972e-02
-1.151042111891906888e-02
7.599375921054164762e-02
3.231236699845983079e-02
-3.359755555136518385e-02
3.401992212076145050e-02
-3.926563562080896685e-02
-3.033477080286860195e-02
-4.138141150648188410e-02
5.253102906005598094e-02
-2.176808740066002099e-02
3.008740890703634485e-02
-1.353738511727049613e-02
-2.354269614748015493e-02
3.346570319473542859e-02
-2.596697367953015520e-02
-5.719369832458238989e-02
5.638256641630375043e-04
6.814380102595971045e-02
4.209401341969607607e-02
6.289880264460402659e-03
-5.191504011299305499e-02
-6.603216409726830882e-02
2.005625595793648908e-02
-2.375350461129625140e-02
-4.566410196235655417e-02
-6.088471017727398182e-02
6.533915030890279085e-02
2.716932733334807143e-02
1.251863998329100051e-02
4.919936473666557813e-02
-5.452491645075643184e-02
5.637475984965455850e-02
5.460487376204668786e-02
-5.397419568397258949e-02
3.403885348408209471e-02
1.217099933626265493e-02
4.363086046952763253e-02
-1.481298630698191406e-02
-1.815725750068318892e-02
-3.202881284170643050e-02
1.822785274844528070e-02
-1.751355095710744464e-02
7.459249762546175944e-02
3.687536612402347175e-02
-1.174092377830606923e-02
6.778603515766469523e-02
-7.578595435560943902e-05
2.579220754570769880e-02
1.156872791086638666e-02
