3.130063100067349557e-01
-3.258335409644735337e-01
2.127290031949458093e-01
-1.034578338424133603e-01
-9.521699977620201594e-03
-4.975326789587252163e-01
2.578895582447142121e-01
-1.661043586382902615e-01
3.793756601354337232e-01
-1.678252759178185671e-01
-3.846496429184371180e-01
-8.202069989379167092e-01
-2.139933078589824622e-01
-8.227167207173257113e-01
4.510118319159111544e-01
1.150696815411762719e+00
5.730393842990925135e-01
7.775757359425460313e-01
-2.028124282887502627e-01
9.681143834856636987e-02
-6.106436097864889612e-03
-4.038686450712501014e-02
-1.627991381752833533e-01
1.749824405820635531e-01
-1.340316194571158359e-01
-3.262811730404001631e-01
1.230861939129704596e-01
1.423934350051836439e-01
-1.112928437145977112e+00
-9.544597688200763264e-01
8.217706908605845184e-01
8.904352846791054876e-01
-6.890862134262200345e-02
1.013149619098814957e+00
-4.406377735741356938e-01
1.011453867898344017e+00
-2.817882414034625915e-01
3.993376496837965917e-01
9.970422203990307597e-02
7.329694668411901315e-01
2.301925530467759384e-01
-7.810122378130818221e-01
-1.204961063332297133e-01
-6.736267041298963365e-01
2.387426417849969340e-02
-3.168542027947913176e-01
-1.210626141208376444e-01
-6.666518544878145824e-02
7.857116320151905642e-01
2.243753142431407499e-01
-4.649544756192485195e-01
6.893639980781710586e-01
1.187041388413236920e-01
7.948909125565384315e-01
5.081390209620095799e-01
-3.154515357602810655e-01
-2.736332697317725993e-01
-8.021297045659134817e-01
-1.560336338085360763e-01
-3.145284103155513433e-01
3.043582210185054038e-01
-2.308809347314179361e-02
2.541418081470846468e-01
2.608175533147581437e-01
-2.033168210295182021e-01
-3.894356657050705439e-01
1.516892563426319451e-01
8.877025625327664704e-01
5.484243917207818342e-01
5.042165841787671354e-02
-9.100761119774647412e-04
-2.722422880875423612e-01
-5.469655957998043050e-01
-2.543428113914884547e-01
-5.072196563140377590e-01
8.834645294690737227e-01
1.691115601461741225e-01
-7.952401036279552748e-01
1.321430430958833724e-01
5.772201844169438933e-01
1.052260851338423508e-01
6.768127426158734306e-01
-1.566207131322930879e-01
1.594490941864536993e-01
4.492822906141116235e-01
-6.177695283066326759e-01
-2.783349130044098230e-01
-2.517651924535221908e-01
-1.897776191937111945e-01
-2.366386048306242940e-01
-3.507547951234681882e-01
8.095554290341307885e-03
-9.101853667892795263e-02
3.064554756378560785e-01
-9.953017125720373670e-01
5.610327090487712831e-02
-5.730086699272509687e-01
6.747646109026570471e-01
-1.790916687511922289e-01
-2.585668035563975509e-01
1.688967558995126683e-01
-1.356929827431354041e-01
-5.097843388150233856e-01
1.130439259326234680e-01
3.488690868752903351e-01
1.116576557254753826e-01
5.649031954062454508e-01
3.607866877217295043e-01
-1.728894611774745294e-01
-2.195027772805763222e-02
-1.133277990903959129e-02
-1.946176749378709103e-01
-8.933774044991599217e-02
2.658138037388065311e-01
-8.675396793107744697e-01
2.181186306318749074e-02
-2.557992060767747544e-01
1.103859043023087905e+00
-9.399258544560142037e-02
-9.669639288435255553e-01
6.221923927477071015e-01
8.423897413767511555e-01
3.739861843039045119e-01
9.765825183924975450e-01
8.958098425128182551e-01
8.522032033709053822e-01
-1.311749500528438528e-01
6.960366867783299161e-03
1.481080819362184109e-01
2.091249710998908662e-01
1.225262465627795366e-01
-8.833185161680390252e-02
8.803366367482262644e-01
-2.802276900721263619e-02
1.214625886761739881e+00
-1.974680253620296477e-01
-5.698632152879495871e-01
7.305657434182835086e-01
1.171966795634873937e-01
6.734379484546086925e-01
6.374418612049710386e-01
-3.681349662786049248e-01
9.058250439612272054e-01
6.307473712582682968e-01
