-7.419209120662315082e-02
-5.467537514693769640e-02
-2.904573482659986716e-01
-1.396916136042895829e-02
5.149565337880342153e-02
-1.068982058710092609e-01
-8.396577283225636901e-01
-2.647338902112854608e-01
-6.326518055343416380e-01
9.343777076239467849e-01
-1.804140046175231604e-01
7.836436477689142643e-01
2.477481818733320573e-01
5.288467438541828436e-01
2.037822639679816028e-01
-4.378491269033806255e-01
-6.727686126853851256e-01
9.668633625011149313e-01
-7.720919676489936823e-01
-3.134161382244669558e-01
3.018285190085852054e-01
-7.341814381733181571e-01
4.273488886182610358e-01
-2.720121840252733292e-01
4.683424874989116082e-01
-1.382047615769439464e-01
2.359635913300656418e-01
1.669166129945230947e-01
3.300630596839447817e-01
-2.503314204513121255e-01
-7.074001966131029939e-02
6.869512977812548826e-02
-3.019399615938828663e-01
8.375896780457077195e-01
1.224845572039099106e-01
-1.932876397426996351e-01
-3.603079148212426919e-01
4.714007635687637587e-01
5.233586020519909177e-02
-4.549602934668003917e-01
-2.185381095431472853e-01
-2.497627774021217162e-01
-1.879838250567820723e-01
8.854171834068942648e-02
5.301775388976999182e-01
-3.425279815788315751e-01
-2.379103190066566287e-01
5.801663685432231765e-02
7.207159968495455149e-02
-1.962470002788461454e-01
6.124683546955388413e-01
-2.691848509012964574e-01
-8.078449312978593089e-02
3.648754520527383582e-02
-1.158527295510002886e-01
7.901664547007357375e-02
-7.122016726712776524e-02
-1.687712220512568306e-01
8.181246189489385645e-02
-1.312257880408831401e-01
-8.549469258029226415e-01
-8.080577655186027553e-01
-1.058686666730530357e+00
-2.278598018421620075e-01
-4.924693541047124867e-01
-3.759916700314210741e-02
9.198053642215917036e-02
7.576122111370721113e-01
1.148436270649331625e+00
7.758428284897193883e-02
9.292020269092343687e-02
2.101299595902539896e-01
2.195946806865215484e-01
-2.868173494514189570e-01
-6.173486845393623135e-01
3.861999830000790168e-01
2.460887018868791742e-01
-3.162063614449709958e-01
6.489703652626996333e-02
-1.727610410027602961e-01
3.208664111726583501e-01
-3.870742177432330289e-01
1.314116952457845267e-01
2.673028276416594129e-01
-3.317506454563359103e-02
1.658977001409127905e-01
1.050582230382163806e-01
-1.259174867573829015e-01
-1.800480736401584292e-01
1.870432996241905288e-01
-2.890609853045728039e-02
3.339617265838702442e-01
2.145555421282492603e-02
-2.091202185292326821e-01
1.160944558715136105e-01
2.269581675332388859e-01
-3.901410181693411305e-02
-2.411398557919610108e-01
6.195257881976790060e-01
8.442284160022440753e-01
7.167465898873658370e-01
8.602754997786464519e-02
3.712015555242767495e-01
7.849217200763232427e-02
6.435476276354344938e-01
-8.386845990473976720e-01
6.462992508750836640e-01
9.055043269763207725e-02
3.795977257018809947e-01
1.319337446946792780e-01
4.721279990860792197e-01
-4.580780781593508655e-01
-5.238635751531212081e-01
1.251139893299739736e-01
1.954730048272983467e-01
-5.587219883698977263e-01
-1.265382944416337530e-01
8.269034045823211998e-02
-1.942660888993255619e-01
-2.020643752893926670e-01
-9.089951500263818152e-02
1.883148152750417359e-01
-5.082687880520420087e-01
4.460586471276091203e-01
1.360449552384302152e-01
-1.876268324069364172e-03
4.817913768484565207e-01
3.641946537955348395e-02
6.386896940934173872e-02
-6.108096093329443699e-01
-6.831834610835482158e-01
-1.051185362855105443e-01
-6.755314267405052586e-01
-9.882681371261495817e-01
-8.600518952111230186e-01
1.422949909747680541e-01
4.883729985042313260e-01
6.130245596694449128e-01
5.400803428770261094e-01
4.489364770264588078e-02
3.163670052525191512e-02
1.026796534567028102e-01
3.926813870205153600e-01
3.025069522227717966e-01
-6.285673876743771427e-01
-1.594545705017268444e-01
-1.668963672582892410e-01
-1.232699817227651817e-01
-1.136272273776733205e-01
-6.287040762167019903e-01
-1.947860014224547798e-01
2.890641049927858419e-01
3.235633988925603055e-01
-3.070826155379206557e-01
3.464565396104878348e-01
-2.623650967108118182e-01
2.285101686745927840e-01
1.521261996264317851e-01
3.464052811689503075e-01
2.421511075713617123e-01
1.990883125282123245e-01
1.337862795200744914e-01
3.612257814047650228e-01
-2.890158194137960879e-02
-6.574225148322430934e-02
-2.376823326687708404e-01
-2.572740261062848033e-01
-9.651377366212750275e-02
-3.426811182662716782e-01
-6.473091800409246366e-01
-1.357282457489892291e-01
1.643543767273381861e-01
-3.765864297050082465e-02
-2.415011302532109605e-01
3.363115273911663206e-01
6.494461451800720431e-02
8.041408442892234998e-01
7.317392269366546076e-01
-1.760156418638052500e-01
-9.711423366916706323e-02
1.498817713673905594e-02
-1.221632178520171808e+00
-7.156608601382346002e-01
-5.839619003090947835e-01
-8.992136580899128262e-01
6.520423046904519904e-01
-1.246834697495226435e-01
1.165172442065907366e-01
3.230756948641221732e-02
-3.595143032827879948e-01
1.354984067519782731e-01
-3.903700809224139312e-02
6.613936470476497465e-02
-7.973820901976329534e-01
-1.986676183665932738e-01
9.698083972839944833e-01
6.113592241662934024e-01
3.111307776630212185e-03
-2.313880472857884896e-01
-6.430439250297681486e-01
1.463379497570411747e-01
1.514445152073724821e-01
-1.496623458849649924e-01
-1.686064069220058748e-01
-3.859741223600686721e-01
-2.066086737136741958e-01
-4.905712371630580604e-01
9.556145947784609740e-03
-3.848872729685615113e-01
-1.915871949057131596e-01
1.510289258494598441e-01
1.487218121810268689e-03
6.818705779225048280e-02
6.157693219806418261e-01
5.641439980135084520e-01
8.976830793315943025e-02
7.673913109028997204e-02
1.241838073500876327e-01
5.499173483416884556e-02
3.207667319588381472e-01
-8.850486806003909912e-02
-2.566850965337111323e-01
-6.214341602387045693e-01
-1.824003200753862297e-01
7.516782807612677475e-01
7.152713286617932986e-02
-1.987009683611604682e-01
-9.487660989408878975e-02
-4.025725858328073059e-01
-2.862723833364579362e-01
-1.431119177985197832e-01
-3.270200637004222477e-01
6.042903675216479975e-01
8.235003162362350415e-02
1.145223675906165139e-01
2.020937176244469169e-01
1.195684224114730992e-01
-4.931249302345500074e-01
8.712677849245049622e-01
-3.704591441821972891e-02
1.250537861466186895e-01
6.579545577597370465e-02
-3.798551308172215535e-01
1.638895872574288870e-01
-7.146688813474888491e-02
3.530705860059916157e-01
3.494726016526387147e-01
2.742902996255670856e-02
5.084641791356564466e-03
-8.053117522519599447e-01
-2.166963177220297965e-01
-6.309907460723990225e-02
1.187008181281403729e-01
2.690129748134754140e-01
2.794640773514502075e-02
5.698401110995673369e-01
6.949686275145607744e-03
1.035893761715700467e-01
4.348170045960979557e-01
-4.326673166135843740e-01
-5.009366083861897800e-02
2.781887223397049858e-01
2.667807345107860995e-01
4.730637427093722369e-01
2.905787486258222807e-01
2.764200006658470987e-02
-8.035417396251845479e-02
-2.444314939985013646e-01
2.757285574838412856e-01
4.135069258681013937e-01
-4.152194264323706419e-01
-2.175609025329249269e-01
-2.134151315298574714e-01
-4.237241136379411577e-01
-3.003722674584183849e-01
-1.280034860331917268e-01
1.885717763373904454e-01
-1.031749880252050416e-01
-6.885781518409439528e-01
-2.777844605499113495e-01
4.970909645252398201e-01
8.443630479612136610e-04
8.784185009816058987e-02
2.527449009838683147e-01
1.143292218522629911e-01
1.468882406622740167e-01
-2.144023312344724708e-01
3.500219111859993737e-02
1.357300649932338121e-01
6.122043393327700755e-01
-1.782336184066779516e-01
5.916316979892179834e-02
-7.774128297143652055e-01
1.455693698549202497e-01
2.573429162741999732e-02
8.281325259852078124e-01
-2.755932556182928428e-01
5.163268301335943722e-02
6.139712430444312086e-02
5.796648364370136086e-01
-2.648153784117571741e-01
3.781624027888942363e-01
-4.579350392653213087e-01
-1.048202986488058874e+00
-3.445011102284870619e-01
-6.605573946852461020e-02
-5.575220163780349181e-02
-1.545660829910878165e-01
-7.213799239818081688e-01
-2.968184271733873003e-01
5.110321532407796630e-02
7.315098830865691681e-01
4.088801618660577453e-01
-5.057746191066345154e-02
-1.678792318735137790e-01
1.355225829385144354e-01
4.812576666934109682e-01
1.963516799097248522e-01
-1.352107286329061187e-01
-1.419501978344532289e-01
4.272999005473199774e-01
-6.707980154723572341e-02
5.386875104553918714e-01
2.243950314047703509e-01
4.459958903817565212e-01
6.088236822712991270e-01
3.745719684839055597e-01
-3.170274692849701648e-01
3.321385859146394615e-01
1.007036186215679308e-01
4.526724422036969564e-01
-8.901459380413606626e-02
4.188936438326924527e-01
3.797258816920727198e-01
-3.008210820336681968e-02
-2.327960479825694207e-01
1.168340209643761174e-01
1.493926560333866393e-01
-2.205939936982053706e-01
2.002850872715762065e-01
-2.918959903342235318e-01
-1.998585402775628073e-01
4.684430670593007218e-01
-3.643063150440377651e-01
3.301126424076758492e-02
-7.361345810158893832e-02
2.549283601143674249e-01
-6.677385819123127231e-01
1.202519312300328186e-01
-4.354200212928920899e-01
-7.871034441926793024e-01
6.859461594475866342e-01
-5.082928183421991930e-01
3.012024896692602205e-01
-6.068675100857093968e-02
2.683091069085753455e-01
-7.521691475173537533e-01
-1.342333408723451471e-01
5.830512626474081417e-01
-2.869789599809394187e-01
6.963047569587871299e-01
3.296588772430564807e-01
1.860740105199146788e-01
-2.946511929574111011e-01
-1.323150645761165534e-01
2.554183798757193868e-02
-7.074921495283978401e-03
-5.633347143080463804e-01
-1.713819329279099579e-01
4.966754324843623142e-02
-1.412236141242180221e-01
-1.159112711792652101e-01
-1.779210670544564554e-01
3.813404566177688859e-01
1.942416319013107462e-01
8.574449343762312326e-02
-3.377941181271619797e-01
4.615267986207750861e-02
5.947930663303679921e-04
7.234335568204181000e-01
-2.717576130475513052e-01
4.247738731451110583e-01
-2.921555888547525126e-01
-8.867888868534631874e-02
-2.024026289023844183e-01
-5.992756430541803514e-01
4.210536031954335567e-01
2.386313364658328440e-01
3.648502538199627221e-01
-2.144325075757363419e-01
-1.167309164478603223e-01
3.850168160629146019e-01
4.202104130722947861e-01
3.101557603094911020e-01
-6.179673750151111478e-02
6.791869873237890709e-02
-1.077447089217849763e-01
1.974202522330674170e-01
6.232613524841212199e-02
3.191800760135022896e-01
2.443268195284588329e-01
9.964557957687126821e-01
-9.473233120229467286e-01
-2.903723118773465228e-01
-2.192139756357582292e-01
1.443109945335433741e-01
4.383117199578924206e-01
1.742073117897587897e-01
-9.783034161082924257e-03
1.479446747471654944e-01
3.180484146598898665e-01
3.675833942575900681e-01
3.284393355252202551e-01
-2.441125236880677674e-01
-8.001138948681904561e-02
-5.461740492352240572e-02
-1.913437124234552700e-01
9.036505018299456626e-02
1.401608623705395407e-01
-2.506822469572161927e-01
-2.173218240149948910e-01
-1.735432700339349932e-01
1.889432355805235331e-01
2.524874015419759088e-04
6.771465677109944625e-01
-3.262771667158578248e-01
1.199313546480146986e+00
-2.351252843996047837e-01
9.192484167370166270e-01
-1.847005772131177226e-02
6.957691057132614487e-01
6.927880357771160069e-01
4.596123651717108349e-01
7.359634097742673298e-01
2.824611495793442062e-01
4.346867587234400920e-01
-6.668905190784113479e-03
-1.527583386060214488e-01
6.320200179181575950e-02
7.914189211109146083e-03
2.872615759512344574e-02
-3.791641183497187345e-02
-1.934711602315846712e-01
1.396034408241556557e-01
-1.087635552269453354e-01
3.013484592634467218e-01
3.035128061547707201e-01
3.037430867915931754e-01
-8.960177601825160265e-02
1.044384508304834203e-01
