-1.201341318323027874e-01
1.748825048743223309e-01
-2.756153008935202098e-01
-1.020174476092083449e+00
2.334613277214482863e-01
-2.187484025894507675e-02
3.525047813867689395e-01
-6.809416282386895336e-01
-1.040418939562928330e-01
-5.409102371179727031e-01
-2.290391486387891029e-01
3.763305606191323371e-01
2.647402681252021273e-01
1.255508042457937901e-01
3.395160851710915528e-01
-1.108225012350350508e-01
4.407362535774433931e-01
1.974320849052483839e-01
-4.492975942859993577e-01
6.369616624182611320e-01
-3.456025867179740030e-01
8.998636489062667998e-01
2.993185787124165720e-01
-9.064582780827126762e-02
-1.676207349341451713e-01
-6.732991740909943790e-01
-3.803467735724077037e-01
4.254336179824454861e-02
2.999345506157353319e-02
-1.452067765417339951e+00
6.481448498993950258e-01
1.850968170914073785e-01
6.016810113500368207e-01
1.668710210510495062e-01
-7.416459238784210983e-01
8.824695932920557928e-02
-1.945258105436713236e-01
-3.560933433849433616e-01
-6.371042565982580896e-01
4.865638528302173027e-01
9.231099367647498805e-03
3.794664763631951376e-01
-8.799861761695522144e-01
4.205485711390875569e-01
5.778495791536918391e-01
-1.114543280156756883e-01
6.121210358635978954e-01
-1.900005598601972601e-01
1.077038915460877960e-01
1.148459151855835136e-02
8.059372681362159119e-01
3.525756202402212380e-02
1.848727771967247357e-01
1.273006605181989659e-01
5.600855361722165693e-01
2.182081424125294211e-01
-4.123512955086512943e-01
3.298356061580377530e-01
-2.669779669067762207e-01
2.600304848350773468e-01
-7.938927464606126971e-01
3.512179460268393116e-01
-1.975371549794565362e-01
8.958397515841745040e-01
1.043628091519403833e+00
2.975245348597130302e-01
5.736472329865737602e-02
4.780567840224713705e-01
5.872766009930477926e-01
-2.742025262279215725e-01
-8.301667215603293348e-01
-5.001628752926853272e-01
-6.038570955187699818e-02
-1.556697303236086460e-01
-4.930377650393350519e-01
5.638414654048136132e-01
-1.621045753643945708e-01
1.083893147934831269e-01
-5.696194587473303317e-01
5.968287859871453799e-02
2.757998091854893183e-02
2.130173964018841626e-01
-1.753988007235812441e-01
7.759305067159426583e-01
1.609236457793153108e-01
-7.904461548030713436e-01
-4.780575154220249867e-02
-4.933956606692162239e-02
-4.371536757287804997e-01
-1.329733402462035807e-01
-5.488259412464610021e-01
-5.257616019523947415e-01
1.131368927328796570e+00
3.788440551242698295e-01
3.592883543611106179e-01
9.833733641021095151e-01
3.362359496636755929e-01
-2.141099001775785271e-01
3.919414171038757555e-01
-1.046183320986846521e+00
-5.911868334987415707e-01
1.125265557952475737e+00
7.221079581147962223e-01
4.162415898194928021e-02
-4.786120112692049400e-01
-2.537817722075297669e-02
-8.979892882466240511e-01
4.680291937396160451e-01
-1.061187754469633399e-01
-3.024486701868164817e-01
-3.932891828849511828e-01
-6.501661081989711377e-01
-4.002750319562828341e-01
1.049550556038079341e+00
1.416302691024245441e-01
1.275042567039221364e+00
1.687726956138016210e-01
6.479800508047387497e-01
4.183872867833267617e-01
5.456851419890773602e-01
1.145916386932082642e-01
1.592554272505523894e-01
-2.318985310363661789e-01
-9.918750220797190043e-01
-8.835183384705602716e-01
-2.227331158779402576e-01
-6.057699860127032654e-01
1.811694996518899980e-01
3.136262297997375326e-01
-2.907179554806723631e-01
3.921135575490499181e-01
1.369789884676966274e-01
-6.496493030930869383e-02
2.646796274715776387e-01
-2.493147350791912742e-01
1.158854225718128905e-01
-5.208487955786845341e-02
-4.641361766456822968e-01
-9.489291761471199127e-01
-4.775750466718322595e-01
5.251694152201793475e-01
-4.040697962944753141e-01
-1.636961090074574854e-01
-3.261291724299222317e-01
4.028424075849884045e-01
4.668796169924500084e-01
-5.321371843875527530e-01
-2.614431871765852122e-01
3.075053977903923208e-01
-4.587826362927321933e-01
-1.237114821376765345e-01
-3.965818213942932657e-01
-7.810053759738478929e-01
-7.862494345680828833e-02
-6.409083720479686885e-01
-3.383529222534587544e-01
-2.552100064645386746e-01
3.618160586154602065e-02
-6.521509618612172758e-03
4.306609580240020607e-01
-4.115853316565018516e-02
-9.391280250652785100e-02
4.224865744916915244e-01
-2.990313974694639582e-02
2.239634460224081969e-01
8.945941696587153547e-02
5.431456830060395202e-02
-1.671877286789291983e-01
1.035192899844596531e-01
-3.327254971220896529e-01
2.537765100478805436e-01
1.847768946872887508e-01
-5.730328764837480104e-01
-6.239048408539925594e-01
2.516560977874583438e-01
1.466628543368053011e-02
-1.876362915194706993e-01
-3.702785217436857512e-02
5.442410004018202185e-01
-8.435324824240785224e-01
