-8.337607411101723986e-01
7.896985074040322461e-01
5.849679079832006412e-01
-5.473254990184079904e-01
-8.197834407014524816e-01
-1.120748794331261067e+00
-1.406874135642050549e-01
-1.423711170180460006e-01
4.820941097174192835e-01
2.829400892422168745e+00
1.844743710962407413e+00
1.564727744904764073e+00
1.482788874181691474e+00
6.678495358072207289e-01
-1.328074967838083653e+00
-1.721777907098421823e+00
-1.241173202174067347e+00
1.186669667144172546e+00
-1.432496844795929203e+00
4.997884768510043596e-01
-4.982084463516519013e-01
-1.169804817035566824e+00
-2.075218133181985225e-01
5.985531643962381798e-01
7.313208211592573393e-01
-1.360490133882995833e-01
1.749278249735196078e-01
-1.063612140846251636e-01
3.895224042223061067e-01
-7.612754846611206050e-01
5.990888349656324496e-02
-2.538082702676470737e-01
-4.129163464564069019e-01
2.885481793189339506e-01
-6.151070930993636221e-01
1.748608629465965958e+00
3.925036883884940320e-01
1.684014298030495904e-01
5.841724185315949613e-01
1.068921235845754270e+00
1.641776535550243943e-01
-3.962104129675370068e-01
-2.479845661332561457e-01
-4.621773155894373653e-01
4.333247114317401727e-01
-4.371271443783575905e-01
3.939639641885482324e-01
-4.621966302819481842e-01
2.001323497059124712e+00
-1.627274002157484689e-01
9.703500762512549116e-01
-1.496418863421552947e+00
1.614996659650712152e+00
4.804357048552493348e-01
2.060535982012698386e-01
-7.672176073265289664e-02
6.261748754981420403e-03
-1.932759858775279782e-01
-6.607360679002097226e-03
-1.714365123592046999e-02
-2.381861354970986333e-01
1.658853342566288802e-01
-5.191198121559809087e-02
-1.916297558638491161e-02
1.561223116366102115e+00
1.532942720096718836e-01
9.295921010904710791e-01
-3.142771575044664423e-02
1.093496760469087281e+00
-5.008515335504709620e-02
1.237333610970656084e+00
1.398625958757476528e+00
-1.792852190643355603e-01
-4.139600519630650677e-01
-2.137941493480693123e-01
2.815586457005961329e-01
-8.698076319671461942e-02
1.630427089226124393e-01
-2.878704364786212055e-01
-4.342569858137107497e-02
-1.492995613736457061e+00
1.693340681916507773e+00
2.003937563062855975e+00
-4.481980590188217040e-02
1.990640384548884700e+00
1.056716293980022175e-01
7.639070665285034867e-01
1.093367091163234828e-01
1.695285264630196576e+00
-1.511923497032640507e+00
1.469677643110082754e-01
-7.351488352521939884e-01
-1.325967805675363764e-01
1.575321884511617435e-02
8.726874271132406546e-01
-1.378828519435887912e-01
3.738004413226786449e-01
1.132112599613248394e+00
-5.076908955286677655e-03
-9.416866860131812844e-01
6.618631325046915315e-01
1.445660760806043887e+00
-7.191228823661996450e-02
5.632029565161562612e-01
1.054483959668023996e+00
-4.436030931386069076e-01
2.851977935551009424e-01
-3.608661449687728950e-01
-2.888331781619009053e-01
9.648538708729141877e-01
-1.295835794287079734e+00
3.726554908966667745e-01
1.286467057857296759e+00
-4.237517651407123748e-02
1.244262114022226307e+00
1.042223462892612140e+00
-6.850903398450444159e-01
8.697582415772729947e-01
-1.206388738762531609e+00
-3.255590813411775031e-01
8.505717055802790583e-01
2.830993616274462069e-02
-4.206749487741097693e-01
-7.030458487339090734e-01
4.423114766077055893e-01
7.029979430287865982e-01
1.376551499092398823e-01
3.277347625564011602e-01
9.140832144254917857e-02
-1.155432810118241227e-01
-3.886387159134777614e-01
1.051658754673929497e-01
1.839817170427939658e-02
4.626843619141185471e-02
3.192135823936981254e-02
-1.530699640205642198e-01
1.322267655292337141e+00
3.075177734614616964e-01
8.869023368284509878e-01
-1.267093251224951311e+00
1.317865506138862663e+00
-3.342146033015561124e-01
1.736273203534193010e+00
5.690192905464005468e-01
8.952586890966235389e-02
-4.065932789289346955e-02
3.300823504166432859e-02
9.225690476510489679e-01
-1.542501245906226615e+00
-5.221401736617023448e-02
7.965348546134835006e-01
-1.341718065688414896e+00
1.124098216256650185e+00
-5.293920534128710997e-01
1.325429230786977941e+00
1.287572595042080437e+00
8.778146215122288876e-01
1.449016522224658043e+00
-1.887326260459972538e+00
4.063407292290536210e-01
7.838531222086972949e-01
2.889335100756010299e-01
4.494109388470235444e-01
-1.580531021972428340e-02
9.909212187700873198e-01
1.566321372694980674e-01
1.742962878975519159e-01
-8.704635189262704964e-03
1.858285091362306962e-01
1.504336435881629963e-01
-3.285936543169704627e-01
-2.030523311065224878e-01
4.781290320196465160e-01
-1.246443625551927614e-01
8.741094056051070815e-01
-2.428371935932714942e-01
1.684025837839067563e+00
3.313162318662251082e-01
6.897427023475058983e-01
1.001445083503511579e+00
