3.982007428650234937e-01
1.411434780518487253e+00
3.010664016277085353e-01
5.424365414967264876e-01
1.186603874918305823e-01
-1.840684044720032997e+00
-7.678483902512069914e-01
-4.036851420210605945e-01
1.743614131488838703e+00
-1.981221842662717059e+00
-2.619832940851423153e+00
-1.746464047899863870e+00
-2.078771049306597618e+00
-3.560678058546765001e+00
2.280191679799004056e+00
2.431154715785353471e+00
3.134107181942539899e+00
-2.038838426674219217e+00
1.035129514102807180e-01
-5.695620849801756869e-01
1.635430132615131260e+00
-6.974252296883920454e-01
-8.103690698699592687e-01
-2.719418689747733264e+00
-1.311565219277818883e+00
-3.232719887105330869e-01
-9.005271575150843866e-01
-1.173840230613244051e+00
-2.296909514905733918e+00
1.838281575013314684e-01
-8.339866165416232047e-01
-8.462263306189824474e-01
1.700294357917209842e+00
-1.368595858182333869e+00
8.444846733874411537e-01
1.001384399545434567e+00
-2.040455329699711662e+00
-8.669789427911317459e-02
2.370891870384612687e+00
-6.363234545007208087e-01
-4.000878726157925391e-01
-3.802380147628629525e-01
-1.027016183754350553e+00
-5.281650566038194050e-01
-9.455711418508673249e-01
5.033451039647326430e-01
-1.062389813114301251e+00
-5.381313752124362582e-01
-1.301531932838094763e+00
-8.021254562879986949e-01
5.513103205917474492e-01
5.830074964943448013e-01
1.177394368123217072e+00
9.873068463860175115e-01
-1.634751217864353734e+00
3.625575197051554843e-01
-1.661924533119079062e+00
-5.271593398918206219e-02
-1.395437648718983903e+00
2.408418476388086038e+00
2.270750058685879758e+00
-1.324124562805127026e+00
9.083894087098383086e-01
-2.300306358974352483e-01
-1.266408117110804588e+00
-7.022369497212432865e-02
-9.880368914301305150e-01
-5.207823135784536150e-01
-2.813134018149143767e+00
-2.417172605707145761e-01
9.456702694537508780e-01
2.258302957512920095e+00
4.616817011051174702e-01
-1.533536376842343341e+00
-1.057693616331222497e+00
1.166182568773552530e+00
1.275075442972544604e+00
-1.275710221313297366e+00
-7.565086752866949649e-01
-4.896832364821031014e-01
9.546333056568216957e-01
-4.472354043170416737e-01
-1.258264536218077989e+00
-2.905653526290076005e+00
-3.373462913677532371e-01
1.019624463379424473e+00
1.540322868319137672e+00
-1.116286843190974931e+00
-1.789998522287125915e-01
-8.366638878955034997e-01
-5.102072844772433946e-01
-1.451767634066895241e+00
-1.066404241124302710e-01
-1.575645607080186084e+00
-1.969765347548387391e+00
-8.194230103424933187e-01
8.467245209448106547e-01
4.626065435800202907e-02
-3.445652679656686646e-01
6.641529207820235925e-01
4.988213904653704400e-01
-5.531020356658868931e-01
3.491852328280277140e-01
-7.315240244654481749e-01
-1.160180427318450724e-01
9.354956516022248092e-01
1.464379612168144051e-01
1.269249811282618712e+00
-7.196588013940452555e-01
-1.216456187722266158e+00
-2.139051001088529524e+00
5.421302354884871555e-01
2.083286385639809835e-02
3.575944787939692171e-01
2.502339896426686305e+00
-2.102417947869852921e-01
-1.125451112301586232e+00
1.054945872520868466e+00
-5.348589464646250624e-01
1.485406465340763704e+00
-7.870291135976043018e-01
-4.254684194374989126e-01
1.605737704762804752e+00
-4.295836225991208068e-01
-3.980743180828824057e-01
-4.993635823140835650e-01
3.642164066895506869e-01
1.631178172753900757e+00
7.598124610711370908e-01
2.134772603334408547e+00
-1.854452927564409048e+00
-1.487703674143540766e+00
3.919931522612710162e-01
1.034960879709948545e+00
2.754287008057195729e-01
3.180067903946062646e+00
-7.270569008880366502e-01
2.552720740484614836e+00
1.152308505630294411e+00
4.193829560160265757e+00
-2.451482470085683207e+00
1.788143413146088934e+00
-6.354184764154169329e-02
2.673922534148372998e-01
5.908501029725918841e-01
3.722517291526437622e-01
-1.879359300756951789e+00
1.127033015728625243e+00
1.565087093823017139e-01
-3.606370779749361044e-01
6.906459414533673291e-01
-2.199876145334660027e+00
-1.148386547709087102e+00
2.437515162521107115e+00
1.083670013257382214e+00
1.068345782681512146e+00
-1.015444862534905734e+00
-1.165467995236243670e+00
1.688023612555757502e+00
2.310760550133580171e+00
-2.111347030954433546e-01
-9.910571963871187551e-01
3.319470625555381860e-01
-1.026644885498205095e+00
1.093284912829877165e+00
-1.527118157100425755e+00
1.131011410635324177e-01
-7.150892282745886508e-01
-3.253311402217003989e-01
5.038951824032986138e-02
-1.323626961902788057e+00
-5.037803527251971669e-01
-1.194052989778282559e+00
-1.023797103875729864e+00
2.177397188724599364e-01
-4.074707852432796762e-01
-8.106352789537102366e-01
-3.489354494716412347e+00
1.242711745332730544e+00
-1.437929641703670214e+00
-4.566223503150643737e-01
4.538788802522089605e-01
1.323163570883136853e+00
-4.280594259731639317e-01
-5.424024229153135979e-01
-2.777414392246247310e+00
-9.844335174890790352e-01
1.563615751470449400e+00
-3.188005868110018515e+00
-4.786581777341220034e-01
-1.140615229768577876e+00
6.181298481014645407e-01
5.000459199654759823e-01
-1.543824805261677868e+00
-1.523319093018013493e-01
-2.343982572932986397e+00
-2.691017216693059044e-01
2.864886648257508606e-01
-2.819063199614684656e+00
6.000619899596763007e-01
-1.220765064999273619e+00
3.312095131613872034e+00
2.572772781389749408e-01
1.237685167229687910e-01
1.356407158548678105e+00
-4.740985320124212477e-01
3.014375589714124448e+00
-1.316189860565197822e-03
1.677006029476829641e-02
1.187106086901287272e+00
4.131776644378250540e-01
3.815867483091927026e-01
7.127179112666224281e-01
-1.379909719268892776e-01
4.128629958690829271e-01
-1.736141985809342425e-01
2.197613033467440413e-01
-1.596882684025489885e-01
6.746237689772537349e-01
2.635043541825964120e+00
1.859078462351853311e-01
-3.475658281497703284e-01
-2.992919050660006519e+00
-2.120718005718538635e+00
-2.313325038126746502e+00
5.815041287619385213e-02
7.903328372595646023e-01
-1.970613091789032434e-01
9.849454283096257257e-01
1.230340763925289238e+00
8.891679763370515799e-01
1.880850309133980769e+00
-9.404337167173140721e-02
-1.788250015708357621e+00
9.246901230370923042e-01
-3.383745315918673668e+00
2.781466202371811747e+00
-1.070987292866039248e-01
1.735316784324613393e-01
-6.096120366365715970e-01
-4.435629648290391192e-01
1.742405510251230638e-01
3.000614706077054383e-01
-2.175040016631032636e+00
7.602181404785038898e-01
2.722969688498440011e+00
-7.293303781034219391e-01
-1.019709270750638608e-01
-7.895275562861152618e-01
1.729909945148630612e+00
3.002944118775042970e+00
1.777822010612649439e+00
1.056421666380209512e+00
-3.357006655841343612e-01
-1.748445874089495644e-01
-1.104862791158881086e+00
1.068809110884942903e+00
7.631266969733560002e-01
1.863761047026384898e-01
5.604615692425289897e-01
-8.006151559215435309e-01
-2.573506772946021925e+00
8.934553616344251825e-01
1.140649839072783056e+00
-4.135674887011759893e-01
-1.478628323950988532e+00
-1.977792395114339463e+00
-3.471933720675455248e-01
-2.214288881540392162e-01
1.142167246736079056e+00
-1.156363787431396561e+00
-2.188496093255359209e+00
-2.159651728315197527e-01
-2.945318229801215715e+00
-2.641464699901091562e-02
3.456353108225728166e-01
1.763534810415777199e-01
-1.741603691643173635e+00
-1.136898609014160844e+00
1.322204503643287676e+00
6.037331325806855054e-01
1.243027483923160981e+00
-1.464672447938805133e+00
-2.057387497676149479e+00
-9.422086245398547666e-02
6.318608533705314390e-01
-1.950431081401645450e+00
-4.932574251347617289e-01
4.934714721831758855e-01
-2.088887521378632872e+00
-2.679006975318972472e+00
-1.561706381170011038e-01
4.862075096662994422e-01
6.168020353612735374e-02
2.124531879722625916e-01
3.475220247855546618e-01
-3.144694877575568981e-01
-1.819396782257415301e-01
1.763735670654092758e+00
-3.677806735244438796e-01
-1.048573773367792450e+00
-1.743334562653227282e+00
-2.940909346736512164e-01
4.640539654565366545e-01
8.589510114786292894e-01
2.337058308572328880e+00
2.216921248758767504e+00
1.140492734424639165e+00
-2.060414734642540768e+00
-1.025783880617628707e+00
-1.449831197284961792e+00
6.101884577852492164e-01
4.177750455143891539e-01
-3.476889874980148565e-01
1.065158310713647971e+00
3.557670047629506449e-01
-5.876628754929502652e-03
-6.151188851773339294e-01
-1.507973642138720205e-01
-1.682541269649476368e+00
-2.375360494975053971e-02
1.593419542495569274e+00
-1.224537511560599423e-01
-6.354015150157232839e-01
8.653138484131541741e-01
-1.298672026540918178e+00
-8.403575084563797981e-01
-1.450834806948646527e-01
2.289652032882254051e+00
8.171356554029521879e-01
-1.051814634735335652e+00
1.196053496257500459e+00
-1.558849284587858763e-01
1.827083538826562492e+00
-7.431660783442611828e-01
-5.094101539664801503e-01
-3.062084848864295994e-01
4.277589278099351855e-01
-2.381609080916391452e-01
-1.341163405259766239e-01
-3.913036973208922076e-01
4.107232186226118520e-01
-4.154814087741305340e-01
-8.624988603260774767e-04
9.294207866637880233e-01
9.511517262155452235e-01
3.748806790789424581e-01
2.135706243632077506e+00
-6.351266020391969080e-01
-1.534580684978973653e-01
3.675897565328595240e-01
-1.920850796097397950e+00
1.743379425616839562e+00
1.263385839713351055e+00
2.120014328608801346e+00
-4.525012048466434122e-01
1.138644858709814578e+00
2.011626365862917432e-02
-1.267812638684699067e+00
3.008694346242807294e-01
-8.378981914994170221e-01
4.014738365562057210e-01
-4.681330231212932347e-01
1.605259044878126318e+00
1.744808663381324010e+00
6.928571174832616197e-01
7.190243180341584495e-01
1.160591719457461757e+00
-1.558829847900149446e+00
-5.896401733407449219e-01
2.076597890250774792e-01
2.777051452593140013e-01
2.391423618492345859e+00
7.695379294066786446e-01
-2.577856850536935363e-01
1.988325162493711051e+00
-9.883675546534793632e-01
-3.698607043630411373e-01
2.108270673187335742e-01
-5.786108858279179756e-01
-2.480387225412449492e+00
-1.017832818370763226e+00
-1.362662995035109237e+00
-1.307865103820090802e+00
1.157997856268229375e+00
1.146912750214665655e+00
1.938696208287024325e-01
-1.319198503235373909e+00
-3.010060896866476043e-01
8.293948489361959719e-01
-2.908669035988065699e-01
-1.279364466389334876e+00
-5.462499361149619759e-03
5.613187837425921423e-01
1.769433397625880700e+00
5.748165187902902762e-01
-9.050396636545181284e-02
1.155556889584219205e+00
1.127807448419872793e+00
-1.554156552966186600e-01
-5.258759623115099036e-01
-2.224144294237227371e+00
2.602933213976629800e-02
-7.948943687949989734e-01
2.052460249111699997e-01
-1.300842522079657115e+00
2.343937760158115502e+00
6.680620135267204551e-01
1.114771024964517299e+00
4.804003806312178160e-01
3.748147564471528970e-01
-2.534456911987477579e+00
7.773227454914178880e-01
5.922418999940466389e-01
-1.001998362823270039e+00
4.568822981052642063e-01
2.064515791610349815e+00
-2.713805342752691474e-01
-9.602215336899457832e-01
-6.840760184966411250e-01
-1.292645181637928520e+00
3.922570635845054055e-01
-7.040046469195726520e-01
6.540604280756402433e-01
2.145189021247240646e+00
-7.120311876282301444e-01
-1.344610637839319445e+00
7.978354155958568006e-01
-6.591419102582434242e-01
-3.183841181163098000e+00
-4.501796550884223924e-01
-6.839425912718374856e-02
1.480394775837327592e-01
7.238931745330281498e-01
-1.919117564483056593e-01
1.295924381945158244e+00
1.243281786189898153e+00
-2.508939831374537022e-01
-8.380846700427826423e-01
1.240538463737672625e-01
-2.605386558712906808e+00
1.437850964479538751e+00
4.685397262716369249e-01
-8.134126890961047573e-01
1.487197425295373243e+00
5.702956500962881314e-01
1.746778078391613143e-01
1.473650708245166641e-02
-6.617012662643113607e-01
1.373388987941322803e+00
-1.658715793821667228e+00
-1.151386688315263696e+00
5.985267609195914496e-01
-1.035006319143012110e+00
1.353366631437132206e+00
-1.761746848598267468e+00
-2.942225394524849769e+00
2.283707045577757722e+00
5.442385146658049733e-01
5.170518974296950399e-01
7.565439421142297061e-01
-4.527381173439415374e-02
5.726068351515989363e-01
-1.867099547998426257e+00
1.637923332340317506e-01
1.196134302074773892e+00
-6.906315514650029908e-01
9.657420847960129784e-01
-2.088140870941111782e+00
7.167036711057332976e-01
-2.524970612654480751e-01
2.691992645381353189e+00
9.723576349174696265e-01
-6.268738972914166263e-01
-2.531387626763730858e-01
1.536288877012003118e+00
1.524809581671926928e+00
-5.843323063218309743e-01
1.773933658585431283e+00
-2.835704292263250270e-01
-2.460699152974081816e+00
-7.056301560582338706e-01
-2.031761637162086132e+00
7.016000318266812918e-01
8.571478976410435990e-01
-6.825699247156370442e-01
-1.649117510842809664e-01
2.941418932437844247e-01
-2.685673149872626064e-01
-2.219935201604477659e-01
2.653749609842495638e-01
3.082177083449936239e-01
2.794582999033600745e-01
-2.111311470134499269e-01
-4.053034051742778310e+00
-4.736678814761611234e-01
1.422203058224525751e+00
9.054763258922671199e-01
3.154734918310593716e+00
-8.389187975356399152e-01
-2.775879939012576791e+00
2.539573614415783886e+00
-2.522422300033665410e-01
3.151681150942460263e-01
7.520400487482054031e-01
-1.021183204798766120e+00
6.502015581594544624e-02
-2.149607314923479007e-01
1.182681093663277450e+00
-1.119933546949025249e+00
-1.284307375876688306e+00
-9.856545704415231590e-02
1.033083633122537925e+00
1.698699682602079486e-01
-1.834853659151358674e-01
1.956712671930171510e+00
-6.943783620271724022e-01
3.189031078641612282e+00
1.397167171549937192e+00
-9.999449436890339715e-01
-1.750038283301242448e+00
-1.579281333325828207e+00
-1.553063169561409440e+00
-1.988773894099528539e+00
1.217140815842745694e+00
-7.162264028127778293e-01
-1.723475816260391369e+00
1.298416651796557186e+00
1.367810251238300134e+00
-1.933706414165843324e+00
-1.584886578340689578e+00
2.164988536834522304e-02
-3.414120687532929410e-01
-3.031975519476842046e-02
1.047429039608123613e+00
1.757324476011953962e+00
8.136355706060969251e-01
-1.298721284469773529e+00
2.622093983000894912e-02
-4.181865346822040697e-01
