-6.341497451623682169e-01
1.435084147447485692e-01
-1.642378212858101871e-02
2.615658713809594360e-01
1.262039788453528932e-01
-3.996249711380112646e-01
-1.705958998664017234e-02
2.023557382909408620e-01
-3.595719093941174976e-03
-7.123063611957453078e-02
-1.902635306370238366e-01
-2.015040018010847700e-01
1.549662675031800163e-01
-1.020310348952838897e+00
-1.660458647536777743e-01
-2.892358093913948575e-02
-1.257238542129874848e-01
5.905816249552289787e-02
-3.069309921375076161e-02
-1.321790848080303948e-01
-5.089221058291545918e-02
-5.972926126307616101e-01
-3.548312364135732810e-01
1.885281389745786518e-01
1.954100632772607093e-01
3.077729961801445313e-01
7.889441969368547747e-02
-9.897178753855720990e-01
-2.323005701678881874e-01
8.817002777478619158e-02
1.639125324101170234e-01
-2.650925736792154874e-02
-1.803233997467947602e-01
-7.244465497365022710e-02
2.096047212859940556e-01
7.774593891418676295e-01
-1.856393961242958635e-01
-1.629113720326937909e-01
4.365186606884311482e-01
-3.494121899505200357e-01
1.216391438783205464e-01
5.475483420800916212e-01
1.481147293682199273e-01
2.230627181962984706e-01
7.051508271202140687e-02
9.255032716793705483e-02
1.164073814641008731e-01
8.310952041758189190e-02
-1.050946790711807244e-01
6.275811003266429378e-01
5.378144192159492465e-02
2.450111642010335822e-02
1.588006228475944970e-01
-1.811539703125100986e-01
-1.787405783349690219e-02
2.682109692968698278e-03
2.245854222518828269e-02
2.527942996750249249e-01
8.103019149281449895e-02
8.117251531745939275e-02
-2.264221813101015279e-01
-1.746318000958378136e-01
-5.955760040004851041e-02
-5.180855308422408489e-01
-1.406356848447248564e-01
-4.189651646010096875e-01
1.421423984733330981e-01
-3.596470825136868221e-01
1.169752455710936084e-01
5.097605749436527611e-02
8.224256831832976733e-01
5.306834043631156739e-01
1.506419676629925652e-01
-2.717858001924126077e-01
-5.017939735920652344e-01
3.729024732814089638e-01
-3.319574832753197646e-01
-8.667225865156620579e-02
-2.329219124061819857e-01
5.061822764888229687e-03
-1.603862119340354331e-01
4.413816827246818675e-01
-3.526034193754013502e-01
-2.820067795739232830e-01
-1.273159338479564751e-01
2.944706017138712384e-01
-3.823696602530552990e-01
1.612689351782198022e-01
-4.275604433536422944e-02
-9.014333292665011044e-02
4.160506314114996718e-01
6.756150085627055102e-01
-4.781058157231739270e-03
3.960857763917278729e-01
-1.933936578293411479e-01
-6.209590937664613564e-02
1.088461496903658926e-01
-1.977288494285613374e-01
3.924574055952579910e-01
9.839572292224904593e-02
-1.418700467678792321e-01
8.777774165346663438e-02
3.622076425566653213e-01
-2.515484074275162740e-01
-2.548546962961156237e-01
-3.130542878074378255e-01
-1.805989714267343671e-01
6.401217542896429080e-01
1.528451518542124909e-01
-9.037099502500407500e-01
2.537244481864184276e-01
5.746922055761956999e-02
2.125609229912200360e-01
-1.176418686262428043e-01
-2.672915073994628354e-01
-1.893484654471915274e-01
7.089172904874596615e-02
-4.935653618236361950e-01
-1.173429074811649375e-02
-4.258248510180422386e-01
-4.685641936413665887e-01
-2.367902563145443118e-01
-9.598279192157094242e-02
2.114243883337033059e-01
-9.195667685382356848e-02
7.468018250028947147e-01
-3.622418754469760582e-01
7.816814564353824490e-02
1.673585928974054560e-01
-3.489389881023632900e-01
-3.546615448907672330e-02
-7.611640753210688337e-02
1.923379863789623223e-01
3.851719869893157067e-01
-4.243428661287633186e-01
7.461831716153945193e-02
1.055746325460746315e-02
-3.933376052819882451e-01
-2.248778231629835478e-01
7.187234435512207531e-02
-2.171103316734855349e-01
8.942156737386941501e-02
-1.376416967958585535e-01
3.013931145220540841e-01
