1.847982786834445612e-01
-2.011723298900981172e-01
-7.770028486981487292e-01
9.972732635845280580e-01
1.031952904780520375e-01
8.989113294160997469e-01
-1.771269886028896012e+00
1.382097636650912342e+00
1.601158903404867606e-01
2.643173538001755696e-01
1.424664296982939060e+00
-2.525052081513715407e+00
5.923642195680528522e-01
1.850231429328292876e+00
7.952621215332852378e-01
1.540665044269421635e+00
1.293939375073324793e+00
1.597718282901676057e+00
1.177449405800790050e-02
-8.159079732749741076e-01
5.642099776757295015e-03
-1.218618232141878144e+00
6.792670174667947425e-01
2.534720869589272008e-01
1.481781445518668139e-01
-1.043494036557308241e-01
-3.016107984506449791e-01
-2.587743756871399015e+00
1.554176398922296198e-01
8.834142949141814416e-01
-1.642154657169885290e-01
4.332371723142506847e-01
2.901698321650973966e-01
6.974175154908077712e-01
2.427393986057805042e-01
-1.091199933494785695e-01
2.257377864090561737e-01
4.700206090840208795e-03
-4.639248264703930147e-01
-1.304583270781527027e+00
-1.763555469227928996e-01
4.691574096230007734e-02
-1.455477564121585021e-01
1.287891380264452601e-02
2.363929588138098947e-01
1.841228853149483591e-01
-1.282228595825006146e+00
-1.887686446632030446e+00
-3.861576164804093048e-01
-5.834625281305565458e-01
-2.440678122959793472e-01
-3.216125066742213101e-01
1.120784987043514480e+00
1.583562775649224985e+00
-1.480994290842587990e-01
-1.875325647735132328e+00
5.917907099184782638e-01
9.837320824764882177e-02
7.876676867001943805e-01
1.669978612285343833e-01
-1.216070062202427193e+00
-1.756826008144305729e-01
-6.307911362257855314e-01
1.319691430031551649e+00
-1.468158951007349167e+00
1.403203229895320647e-01
-1.117705017758926278e+00
-8.133834282241640956e-01
1.560469635199944083e+00
-4.033536207950429997e-01
5.901350854275426716e-01
8.667316220998827481e-01
-2.036352557033854538e+00
6.811570947152136846e-01
-2.072449929575541638e-01
5.593302908547244101e-01
1.029381775037096602e+00
1.418499210936502442e-01
2.728500507700256650e-01
-3.289969803769204892e-01
9.673768169977383646e-01
1.513383985954438904e+00
2.832547169871618142e-01
-8.886716768500297903e-01
1.117358309218605017e+00
7.840352846086873218e-01
-1.741961186705473397e+00
-3.275530661348305395e-01
-1.531646438608157856e+00
-6.387007705238785249e-01
-4.253366446865828321e-01
1.386080148553891708e-02
9.656819788305597008e-02
-1.667922947849905246e-01
5.552458347309444792e-02
8.550166561144444122e-02
3.984983520021462278e-02
4.585074794666330056e-02
-2.107928186825705208e-01
5.708126087468503584e-01
-3.844264895495686507e-01
1.682000199402172935e+00
2.194046322784049874e+00
6.603552544593951357e-01
1.008048053229239294e+00
1.864037429965951898e+00
1.205382067413308944e-02
1.497336576156713672e+00
1.025231122356183633e+00
3.366606016903010978e-01
-1.112347250542194965e-02
2.893907055143145335e-02
-3.848055737216612426e-01
-6.392536776922723707e-01
-1.131175796192027017e+00
5.070214886567123158e-02
1.249113290678296018e+00
6.252261020601901365e-01
1.436636427031399155e-01
-8.724963064791680933e-01
-7.637631386167494929e-01
-2.527213296353774674e-01
-9.380801311155276268e-02
8.352964664848279153e-01
-6.464473543899831309e-01
-8.953779148910250285e-01
-3.473469215884260608e-01
-2.350306699560618662e-01
9.857981359825800372e-01
-9.787847838258740829e-01
-1.913071170691167111e-01
4.328974903931269713e-01
-6.708898515703088927e-01
8.065500686300028921e-01
4.490979436344099684e-01
7.736670155617936251e-02
-4.166049642253071283e-01
6.233651772727888396e-01
-7.833854833161257858e-01
2.239328184382716191e-03
2.100204110382308809e-02
-3.169483595634439710e-01
4.455454516056639447e-03
5.880811789935560530e-01
3.418077826768711192e-01
-1.107959492048567363e+00
-1.232599875902280484e+00
1.329693686098362804e+00
1.189096068634131753e-01
-1.398813247371370139e+00
4.788804122159253662e-01
5.059744690003052936e-01
-6.126515898562637785e-01
1.015410967780829399e+00
-2.325429881282633726e+00
1.265301363204244023e+00
6.571310519820647844e-01
3.721823316969758433e-01
-2.820784588395793824e-01
5.904742145347050553e-01
-3.844094218895841575e-01
1.622927126202422965e+00
-1.331615506513963876e+00
2.470988827665125120e-01
-7.147353365116120294e-01
-2.087479189990534556e-01
-1.805612720614812483e+00
1.001359142964199922e+00
-1.322404333322070302e+00
-4.200584468115622361e-01
2.146299713730342729e-01
1.035652481436512673e+00
-7.428146855419889283e-01
-1.387098584573243643e-01
-8.785142780698296239e-01
-1.672663174097452243e+00
8.333481998030660698e-01
-2.147376589290279192e+00
1.278595072779003528e-01
1.660020697652069721e+00
-1.241279119792217722e+00
-5.809274077857338181e-01
-1.810732030375550305e-02
-1.820352643256635816e-01
4.888775596054353301e-01
-2.792779986401767722e-01
1.707629695211836107e-01
2.474616054753500660e-01
-1.220640729136690084e+00
4.495220112757623565e-01
-1.869880844375842732e-01
-3.143113880823320549e-01
-2.867139821531396460e-01
-6.094135134264377918e-03
2.263978883376711604e+00
2.529790972394152515e-01
2.190227844259639567e-01
4.720302189867252585e-01
-3.088404445478504928e-02
-5.981904763194747510e-01
1.612047765328716020e-01
2.428559086650016186e-01
1.784657281860747569e-01
1.074685196390465558e+00
-1.241423188573600012e+00
1.514148003036883683e+00
1.939912280597808403e+00
2.995948442149296564e-01
-1.731062683915156164e+00
-8.348441600694570530e-01
4.678522866869683217e-01
-6.810590777761604819e-01
6.839788506071489138e-01
-2.755639060734157431e-01
4.237667006218487908e-01
5.268232733356748021e-01
-1.147618529368073653e-01
2.469988880143449084e+00
-8.299053971260332840e-01
-4.020125934823428615e-01
-1.650615308964216599e+00
-1.551909705831654662e+00
3.249335919136135953e-01
1.622699878303798249e+00
1.821441020995214100e+00
2.261085398002063318e+00
6.978550351212146896e-02
1.006445082319868956e+00
-5.816488084419241256e-01
1.574781920734142693e+00
1.087661862650675326e+00
-5.653189640972131613e-01
1.218330909489197422e+00
1.181272451705358328e+00
7.490237447155273509e-02
1.760732996734822586e-01
9.998561078703438465e-02
-1.361302184281941052e+00
-2.270587421337902645e-01
2.953790522244501560e-01
1.798113703633027333e-02
-3.083010887116681698e-01
4.237203264153626137e-01
1.542162332643584710e+00
-2.038792573963716048e+00
2.079840665203104011e-01
1.753696629646372074e+00
2.332456096449964988e+00
-4.968217905874769968e-01
1.284479371692628102e-01
-3.530644122669302498e-01
1.383619016637521071e+00
-2.035799581273224579e+00
-1.138840718891720449e+00
-1.997908314564319221e-01
1.242166633605234827e+00
1.603916510201593759e+00
-3.937967015623239364e-03
-1.769232431761379898e+00
-1.388875848748118702e-01
-1.268449720909856360e-01
-9.409510794707859338e-02
7.144234139295010388e-01
1.396014722640791961e+00
9.974529515070951202e-02
3.418403211668233355e-01
2.101966392522867988e+00
6.633471587078008103e-01
-3.266090388070668205e-01
-9.152677089631411356e-01
-8.824103855066014468e-01
-2.017240511719503027e-01
-1.824179943914879531e-01
9.408980339975937524e-01
5.941807855410693451e-01
6.037746209089074334e-01
-1.758498021463271721e-01
-9.532705556808303005e-01
1.134676026307038232e-01
1.249279603083276236e+00
2.757655868147547706e-01
1.145990193508259924e+00
2.143566520839042422e+00
1.610457150896864142e+00
2.891678261603685129e+00
5.248715518205093744e-01
2.869183546094181136e-02
4.763843899153160644e-01
3.923272741484303827e-01
-6.091610943710055182e-01
-8.746432950426747954e-01
-3.863634548862649454e-01
4.660734899117988106e-02
-4.169727899348674161e-01
1.177542563425956867e+00
5.655349366921544885e-01
-2.133538885834691090e+00
1.226048946665475592e+00
-1.063357936154601280e+00
-2.162483405142440196e-01
2.201661263446978989e-01
-9.644013849235133495e-03
-9.636875414901401316e-01
6.594569289288916281e-01
-5.519896370661954432e-02
1.145739764115226489e+00
3.066727354030475694e-01
-4.833053652119418397e-01
-2.085494427225684511e-01
1.304939151861682911e-01
-1.920749169337027329e+00
-1.836111570552224626e-01
-1.949763132469806814e+00
7.190192453158599228e-01
-3.892681534465122217e-01
-5.482059280913208488e-01
-1.060967957057169730e+00
-2.221297568798923372e-01
-1.991362093279689383e-01
-6.558416336789597567e-01
2.232571283260973427e-01
3.516074535263857825e-02
3.999122937281342216e-02
4.119781601027855400e-02
3.404048613940124923e-02
-2.779094875656473729e-02
-8.629456436848625955e-02
2.393678519736023302e-01
-3.709160089448530762e-02
1.009711715971645385e-01
5.245199783998615028e-02
5.486066579453541259e-01
3.176697255908292328e-01
2.256322833654240689e+00
-4.158006316015942783e-02
1.442183733945861190e+00
1.164631295965978808e+00
1.365540246121306867e+00
1.061357837509265378e+00
1.833760469660734804e+00
-3.142705355876070916e-01
8.199395160162531448e-01
-1.633156913405555133e-01
1.569347752737576540e+00
1.720332915015902131e+00
-8.329839482758617519e-01
-4.584108116730384319e-02
-3.669052318781084732e-01
-4.197651960286044037e-01
-2.847814674531620183e-01
1.120952973729467672e+00
-1.904669531524099679e-01
-3.057408387435275876e-02
-9.444749752601372395e-01
1.513721752439022294e-01
-2.917917382250123093e-01
3.713183393068371085e-01
1.281737407458957589e+00
6.020649366301042971e-01
-1.551559289041521517e+00
-8.535595214384772422e-01
-9.243062200619672764e-02
1.142030084222515729e+00
9.223826856913631689e-01
-8.200650779227991460e-01
2.316569241942561419e+00
9.544155697194327270e-02
6.218081479894568275e-01
2.830620035141966917e-01
-2.014545151479682494e-03
1.945723000464751329e-01
-8.076581744952029407e-01
9.422752205914327606e-01
-1.640842800297812876e-01
-8.131464088467079687e-01
1.144341602074558484e+00
4.236686070549264826e-01
8.105674046160957769e-01
-7.759615681836112833e-01
-1.130360802717693680e-01
4.177404753329801990e-01
-5.134233662979017510e-01
8.593824422106197680e-01
-3.959355734951894301e-02
2.921180543025675425e-03
2.676854779209127955e-01
4.744753847937039359e-01
1.115415742266068877e+00
1.515090710760453652e+00
-9.382478342021492723e-02
2.283616170710589977e+00
-1.865812759511005781e-01
-3.863744013921736054e-01
-8.026904481194083729e-01
-2.647170823570685338e-01
-1.641071497431932091e-01
-2.789692284138536316e-01
1.462424203736856498e-01
-2.627605063562387766e+00
-8.025617392321768850e-01
7.148304401669753894e-01
4.368287370742816589e-01
9.320308313042948711e-01
6.260961850461943534e-01
3.077250131892591556e-01
4.591937827647272208e-01
1.918094306412085448e+00
5.181079918230786507e-01
-6.732692030831366470e-01
4.167776975460185662e-01
1.311878356214067676e+00
9.835138435352180908e-02
2.798326065293982867e-01
1.261146605051530756e-01
-9.199398080227387808e-01
5.017754311240054665e-01
1.122480691294940186e-01
-3.975108701576318682e-01
2.178407982037377177e+00
-1.498896232456282895e+00
3.524978744007188913e-01
-1.379307960623903651e-01
3.972949483978250873e-01
-1.361255411158788009e+00
8.557126436243975842e-01
-4.028810906621455024e-02
3.097956714044270976e-01
1.476877274355715031e+00
-4.755744230163854169e-01
1.873220697142957469e+00
1.735418493761731185e+00
-4.365182087618769691e-01
5.410838236553439096e-01
-1.653357600658058590e+00
-5.958563931883844589e-01
7.138955035723485443e-01
-8.382744936178074813e-01
1.361136736750191645e+00
-6.864122729291330383e-02
1.032442554592483408e-01
2.118634322599650677e+00
2.784527775156175888e-02
5.776155346705953431e-01
4.652480299357578675e-01
-1.279297067016002432e+00
-4.668952539883186592e-01
-7.873640120784743957e-01
4.366904088506444737e-01
-3.834300454228567467e-02
4.802014599176968601e-01
7.721674335836752334e-01
-5.013156662960316368e-01
3.669215302030852666e-01
4.165164565969635413e-02
-9.564152578203316546e-02
4.282474165856140491e-01
4.812569377753471433e-02
-9.126916905052597784e-01
-1.667704509735194462e-01
1.121172087602516854e+00
-1.206681294218100664e+00
1.165629501075330365e+00
1.199179236961917416e+00
3.607184582091073621e-01
8.667648838559791624e-01
1.334013009497240443e+00
-1.653097629049724293e-01
2.534976098544622580e+00
3.049481802922927032e-01
-1.474817819151607923e+00
6.823535483159027804e-01
5.577652968055855087e-01
5.240805638966345992e-01
-7.113116456042009039e-01
-1.535759118607958662e+00
1.320207852349047917e-01
-2.919797413314022538e-01
1.009441261923691879e+00
-6.818966278507065937e-02
1.380021019296499896e+00
-7.787603828921656479e-01
9.019818927246825435e-01
-1.172596996485347765e-01
5.189134709093333742e-01
5.877258585163260829e-01
3.816421741755026686e-01
9.101300626718726861e-01
-5.833373087480316910e-01
-7.135724003670335103e-01
2.051046053388375090e-02
-1.004628167909045411e+00
-1.154615976644709274e+00
-5.530791775036791869e-03
-1.203392306885689572e-01
7.347917817970248677e-01
1.339596595054365125e+00
-1.932674843309279966e-01
-5.096854602519886035e-02
8.585342427407716137e-01
2.104291098964328199e-02
1.035589051648769798e+00
1.269860487658252268e-01
1.676085288208577717e+00
2.241030964880312837e+00
1.678953105504905619e+00
-1.454570623731447909e-01
2.004823170420038103e+00
-3.655038396827730018e-01
1.769679587420298628e-01
-8.562632998422231578e-02
-2.396535235044940371e-01
6.271183872003281701e-03
3.145469868675947467e-01
-2.667492972803775508e-04
8.672148951533402705e-01
1.028071337673527097e+00
-5.785777088858707895e-01
6.163327512699572353e-01
-3.992665052942550585e-01
-4.605164896612625736e-01
3.849668781966874564e-01
-1.273323016688744369e+00
-8.175440696274696162e-01
-2.911829640250139795e-01
8.419576956985207195e-02
6.576677883774234568e-02
-8.942585476510308551e-01
2.438949032430978714e-01
-7.886390437931685427e-02
-8.279262446287430910e-01
3.556862378262479196e-02
7.576957348783128765e-01
2.153604893580499002e+00
1.109638131534916861e+00
1.532272313370379724e+00
1.782367129962935337e+00
1.393958128048325751e+00
-1.571803717221775365e+00
4.626262708106212984e-01
4.573244618891681990e-01
