4.953125209576007826e-02
-1.608402332743729887e-02
5.254259359756673770e-02
-4.307206290789380998e-02
3.535363912983653656e-02
-3.085595868413733289e-03
-2.546055869091869497e-02
1.875876840334850248e-02
-1.852712248424643812e-02
-6.585187536983826140e-02
5.266342782180634119e-01
3.445284899860503319e-02
5.121390365309957948e-01
-4.531636808525432714e-02
5.003615547239307348e-01
7.956038833695189619e-03
5.264980999881756496e-01
-3.412756880911110846e-02
-2.134713092449371311e-02
2.199847128971367527e-02
1.819569133410515321e-03
5.219248170333119496e-01
4.104186707388948752e-03
7.822584741028615340e-02
1.035228317963234231e-02
-3.516711543755292324e-02
-2.123238941045929237e-02
-4.169939779947763603e-03
1.056586853267893825e-02
-1.949096640281049175e-02
-4.290330281719132582e-02
1.521924576141673799e-02
5.244837211798325516e-01
-4.552970323958240029e-02
1.795514921039629425e-02
-7.137713490860149446e-02
-7.632415713907689248e-02
1.487516623918229072e-02
-5.022305768326126296e-01
8.310800704669770583e-03
9.110351015625689150e-03
3.972167054716379403e-02
1.171766083771251347e-02
-4.984621874843135278e-03
2.402209893775138563e-02
5.057450777318395208e-01
2.545543575736484640e-02
5.909034373707171620e-03
2.913705074482123361e-02
-8.793847463540491183e-02
2.739521228345988615e-02
3.416572294848117114e-02
8.878896145213856228e-02
5.049027606359032250e-01
-5.502653658540020837e-03
-6.621480544941122509e-03
5.899747040541561405e-02
-6.497855223632756361e-02
-9.795289924858652242e-02
4.318432016917222310e-02
-8.926401612327687640e-02
4.701234308837067000e-02
-5.053505594385855337e-01
4.704695046744029885e-02
2.496903559760219396e-02
5.042225944003108085e-01
1.732133454752230600e-02
-1.287092830019295753e-02
6.360191009397071771e-02
-3.720068704006385812e-02
-2.655609741827480094e-02
1.717703780304876207e-02
-2.860269991005879447e-02
4.778166461644974689e-02
-2.844156838133216417e-02
2.097427054202445629e-02
-6.789196998399922578e-02
1.829697445431553368e-02
-8.989348669502732203e-02
3.762449499398111148e-03
-9.404157049566366430e-03
-1.038226528643738239e-02
-3.836187260185770082e-02
-2.684872868381432687e-02
-5.392762062577128451e-02
2.040853827207729509e-02
-4.656405333774999572e-02
-1.753775679044855540e-02
4.412084253541490031e-02
3.409264997269359498e-03
3.687353301792183069e-02
-3.017018296775779776e-02
4.923604601488000554e-02
2.783571181277407630e-02
-8.226536054549945728e-03
-3.280115334113146291e-02
1.633132630070484662e-02
1.221294804613032997e-02
4.607174211735173830e-02
-1.544126664457074194e-01
4.133189774543418599e-02
1.340427431054865698e-02
1.087589972738008635e-02
7.696082488963858909e-04
1.987662680778674168e-02
-1.242716229194935559e-02
1.906961880191448619e-02
1.127926744326550323e-02
2.468505646644320733e-02
4.697613558886975377e-02
3.010309629491296837e-03
3.828530208395358042e-02
-2.037830842113484003e-03
2.613110552161454839e-02
1.620126748693098348e-03
-2.487461220358100356e-02
1.235394803404329944e-02
-7.856807845518812283e-02
8.260891113709199762e-02
9.602223420730571224e-02
-4.044452005968868918e-02
2.102784769967465384e-02
4.797992746539175846e-02
-5.727786935578134397e-03
6.341862104892612151e-02
4.704040523689000108e-02
-1.517756436110810625e-01
1.948674975891509856e-02
3.675760859322544510e-02
8.462746957975454676e-02
-4.913678852451157722e-03
-5.060729254703179025e-01
-8.678339992507912160e-02
5.873585566121860072e-03
5.289720132318344037e-01
-1.364206091140021150e-02
-8.860610001903291427e-03
5.025191381705660376e-01
1.219431339445948281e-01
-7.322042967918566958e-02
6.430040586914392842e-02
-3.172208879290570188e-02
4.408792022366295887e-02
6.100818296808824953e-02
5.343507089764617524e-01
-7.361779540042162617e-02
-5.047538820427405204e-02
5.175732089677063108e-01
3.053713672207089558e-02
-8.370421646598752430e-02
3.200324453656527846e-02
3.497879096038418456e-02
-5.773448550793316980e-02
-4.826542123241720633e-02
-3.228918133606426162e-03
3.259739765497733643e-02
-5.979759062101883821e-02
-3.147942781496618214e-02
6.848639883452990740e-02
5.114728810828407246e-01
5.227455032415763425e-03
5.473698974240031462e-02
-1.107783784367457613e-01
-7.211431403993948108e-02
-4.828905140092447368e-02
5.413657420934334663e-01
5.271648560928191563e-01
-5.227345302821780060e-02
3.307887735573085408e-02
-2.687763617993584823e-03
-9.066204892925251333e-04
2.985892147722402079e-02
1.755675480322458834e-02
-6.032605586404901632e-02
-8.670448735959040976e-03
1.487589150716648288e-02
5.214611324242414137e-01
-4.924427033776001411e-02
7.253539731198013762e-02
-1.902700638880346073e-02
