-4.352782535801895669e-01
-9.902822800730115560e-02
-4.759758653900738601e-01
-5.418267656695151258e-02
-2.922321814872866352e-01
-2.798099769638551781e-01
1.794676135199622935e-01
5.073496008401428004e-01
-2.095718141301160797e-01
7.618173826675657123e-01
5.785175978842989064e-01
8.453314014951873734e-01
7.466772793592875157e-01
1.787909559040121166e-01
-5.391636781784311938e-02
-8.558628078701486785e-01
-5.981482761285313865e-01
6.689777605825547591e-01
-2.486774586633690165e-01
-2.468331375917859338e-01
7.510718829552104348e-01
-6.224157256296204699e-02
2.287593392776849088e-01
-2.210340925100598986e-01
3.446489150351989550e-01
4.794357741734044387e-01
-2.473336465147185637e-01
-1.194547551955059961e-01
8.380796063860469491e-01
3.322466259017712309e-01
-1.765947746490524328e-01
9.238409933153152176e-01
-1.763280654949710147e-01
1.085913434989014548e-01
6.737485710715586107e-01
5.001581863696359376e-01
-7.518494469223097054e-02
-2.832285225995945788e-01
1.879279986721392459e-01
1.062147582066671203e-01
-2.196452874814072420e-01
-3.135582951021201326e-02
-1.527945282169557439e-01
-2.817336167071415320e-01
-8.659968349465617665e-01
7.898065168126843227e-01
1.306377997935162849e+00
2.069112976298945750e-01
7.535488153710817594e-01
4.438578257082881340e-01
1.025873718966164860e+00
-9.243834360235424485e-01
1.131328460134707559e+00
6.298022958088514422e-02
3.181935460625739953e-02
-1.171179662720695236e-01
-1.049408834932389206e-01
-8.522215686414091884e-02
1.540227253899155158e-01
3.231785345981774693e-02
-1.295102674713582980e-03
1.430554838126610884e-01
8.454732077798103596e-02
-6.520673042825603227e-02
7.026947001578466301e-01
-7.622072491352809009e-02
9.790735217594743744e-01
-4.099819605479331219e-01
1.054287495089037074e+00
3.604417796318053202e-02
1.143299474593765908e+00
8.615706596157951536e-01
-1.226972482701938066e-01
-9.805197937794862817e-02
-8.757791643986490016e-02
-1.747865533961428797e-01
4.481901560773982052e-02
9.179301646589470287e-03
6.310929895933918843e-01
6.638558862848545905e-01
-4.353378328738947700e-01
-1.362908840450676728e-01
-2.944395261423474741e-01
1.821802444672920851e-03
5.119801480673835670e-01
5.400610535567544890e-01
7.235822966393942179e-01
-2.379446622177191495e-01
2.041954356213074862e-01
-3.580520745283503614e-01
