7.641297047345178006e-01
2.499074675695444891e-01
7.677018134069079069e-01
-6.145202253447183960e-01
-2.562801661964309030e-01
5.202800620128394948e-01
1.109005959410563458e+00
2.754246978471210361e-01
3.302640317255340352e-01
7.255702597310752233e-02
1.252174602664996861e-01
5.365656956065928407e-01
2.209770688305673081e-01
-8.631519631522770464e-01
3.073237722832907193e-01
-1.264854583030000201e+00
-1.437308022153586896e-03
1.541724348692895541e-01
2.286509139579070982e-01
-9.177620139349772221e-02
2.208478703598683868e-01
5.185467165112428445e-01
-3.321237176068394525e-01
-1.893220477098581794e-02
2.739122014440658615e-01
-2.037248599935281845e-01
-4.645447198491172158e-01
-5.449163074015763719e-01
-2.540650802274908027e-01
3.948053243725392902e-01
3.880403137123996093e-01
-2.858611360242019339e-01
5.552846992038447116e-01
-2.681259174148482582e-01
5.189773130636519127e-01
2.618476730984393638e-02
1.371942994396741222e-01
4.388478924816295867e-01
2.457082681931738455e-01
2.179422838064982992e-01
8.612801482702805989e-02
-1.903783100481475365e-01
2.529586944912963209e-01
3.589249041520325978e-01
1.930743825921867052e-02
3.084020729230413926e-01
-9.705752734327240949e-01
9.690424733720849337e-01
-1.123103433534356627e-01
3.131451747476914765e-02
2.824760567846601456e-01
-2.878501447030059612e-01
-3.321533044357441455e-01
3.115196167579818431e-01
-5.496142687477906241e-01
5.616051715239078757e-01
5.638104258727494322e-01
-8.895147230353004364e-01
3.862648426358109011e-01
-9.436439879953240073e-01
-1.381440446899137031e-01
-2.975007264263037632e-01
-2.936400069300674764e-01
1.125831445483513465e-01
1.086964019319375474e+00
-2.459832407639887253e-01
-6.493258330789564159e-01
5.896154307191732169e-01
-2.698837837748421786e-02
4.631261033289477691e-01
4.283224821136048521e-01
-3.538667282293184724e-01
-1.018759970306932550e+00
-6.595230406240206733e-01
1.189865667099912622e-01
-2.603469165970321852e-01
-5.272313733924006707e-01
4.403103415930118558e-01
3.389683747810508518e-01
2.482151945278650018e-01
-4.642355429785682830e-01
4.576784210988565221e-02
-4.823803348374230415e-01
-2.799185898946850992e-01
2.029759698280375613e-02
3.473454358825750488e-01
-5.235898299404682099e-01
5.109092738680691692e-01
1.626954219500742205e-01
1.750957920413099556e-01
-6.177484183089084757e-01
8.091632995701383280e-01
-6.091326175119224917e-01
-3.675063270780075664e-01
-2.686083315480867761e-01
-1.111817261253137679e-01
2.428604087131007727e-01
6.410515717188994822e-01
6.123986187032458561e-01
-3.283778004599599010e-01
-1.303223362892343695e-01
2.538077727987796961e-01
-3.008760167948851261e-01
-5.406615831753639467e-01
2.976266614958512080e-01
1.242085008275724094e-02
4.876076400954249684e-02
-1.304196479612928505e-01
1.160501761206816251e+00
9.646872486241715727e-02
7.736775452788305918e-01
7.797901738511864300e-02
-5.320515598972892085e-02
3.626642002310668245e-01
8.428215688722693333e-01
-7.632981780196047561e-01
4.066569016889052257e-01
-2.762335368219868137e-01
-2.744090033120269792e-02
3.194935072271103405e-01
-4.290533082339204607e-01
-8.243069417111796582e-02
1.720604815784604058e-01
-8.527193793079329565e-01
6.979669833597010875e-01
6.093952858164679576e-01
1.979676793795562793e-03
3.155249130470132446e-01
-4.843039535579521937e-01
4.112336321181311871e-01
1.186399060679836220e-01
4.712748330111548034e-01
-2.099247688965639458e-01
1.161100177543705342e-01
4.677519799728003247e-01
1.899029946189390861e-01
-7.527734425355202541e-01
5.950088442990300042e-01
6.399189373279251525e-01
1.506495695740932561e-01
4.259443210594612284e-01
1.326750104896758375e-01
1.302317042329515506e-01
6.113429304994610902e-01
-8.745265247897865413e-01
3.081253328003739078e-01
-5.595420620752479535e-02
7.548278884254892018e-01
-1.651848015157674765e-01
-9.411703469750040130e-01
1.477428709986700894e-01
6.252471090105035656e-02
-2.144251400568542541e-03
-4.899887868338287933e-01
-4.298568387725283380e-01
-5.103645288481243325e-01
9.060015406290593543e-01
-3.855873924547862375e-01
6.147174024066405229e-01
-6.847475798786849532e-01
6.915271363863924048e-01
-5.718838988597049061e-02
-7.084848454299820242e-01
-5.124568427438983692e-02
4.758763598129903127e-01
1.990078107364576798e-01
-7.318957089480943035e-02
1.228943723164419438e-01
-3.441453251075226039e-01
-2.292624623722980537e-01
-3.694229681000185117e-01
-6.759044386778663149e-01
5.200144607058361512e-02
4.363833952194055565e-01
5.191698631172884104e-01
-6.105176058778712944e-01
4.149284128658466408e-01
-2.762578060020581816e-01
5.618129635242388731e-02
-2.740355911645874776e-01
