-1.990790791796996986e-02
5.558741048200845948e-03
1.235706205076405467e-02
-2.660810035786353306e-02
1.295120556283808205e-02
-2.284092490783768900e-02
-2.850349115701107314e-02
2.282051663069176520e-02
-3.641828497198874165e-02
-8.865219586613393848e-03
5.064569936922473925e-01
-5.066125498315851017e-01
2.223157621525647526e-02
-6.918221943871781521e-03
1.037705449549967268e-02
-4.568360515744395584e-03
-1.182035184629440412e-02
2.890127921703666836e-02
-2.206278031386896613e-02
-2.651488909574604633e-02
4.058123758398694825e-02
1.480436020238926065e-02
-5.860426938316027484e-03
6.304396306049056195e-03
-3.445997157195625910e-02
6.898903315585215579e-03
5.885681338067449975e-02
1.805773802096639902e-02
-6.188149564385934942e-02
-9.320135921679588431e-02
-4.663658678452019257e-02
2.944924932282228652e-02
5.512644706894836988e-02
-8.313579825859873304e-03
-2.806860128526858858e-02
-3.177430684617355006e-02
2.013366456453700992e-02
-5.399034293761682118e-02
-8.030833243463432816e-03
-1.453623068851172748e-02
7.306866059160557758e-02
-1.935892142738718583e-02
5.091863938058820427e-01
-1.317901953967583889e-02
6.285710508827051235e-02
2.020890748729020289e-02
-4.630606949821212959e-02
5.134470847569311269e-01
-1.947487714786772656e-02
5.248358428883981991e-03
-6.350585460022119266e-02
-1.771852514523046540e-02
3.267588305527390803e-03
-1.845482195474417580e-02
-2.516890917224935686e-02
-3.583932970982102624e-03
-2.198409590297470319e-03
-1.499119220718336115e-02
3.676300182646687759e-02
1.806560401992021378e-02
-4.353704178505462055e-03
4.456406155170502745e-04
-7.290542548718987464e-03
6.268038291570476178e-03
2.476717668243920076e-02
1.329204805192029867e-02
-7.989737797915241746e-02
4.030852325838344546e-02
-4.868930807831451518e-02
5.472819282501512062e-02
7.727234629638160546e-04
-7.821889984163783727e-03
-5.509262383940948665e-02
-1.196044748989342522e-02
3.368412162255022407e-02
2.642516890885800857e-02
4.820766798303541961e-03
2.512185835133795911e-02
5.490451842869510657e-03
-5.154263722882644616e-02
-5.140694418791535991e-01
5.081105696340874056e-01
-4.421090677218429688e-02
-7.798656453289962154e-02
-5.282985132028155534e-02
3.022989910154944351e-02
-3.720171098317046066e-02
-2.514482032613261572e-02
1.697777049428403698e-02
-2.745875249580034122e-02
3.294772419452869638e-02
-4.565639280421728008e-02
4.201888690156582035e-02
3.027456129230855081e-02
-1.652572098324239444e-02
8.105951759848972760e-02
6.061206742857434826e-02
3.785061601054857949e-02
-1.143307200374406307e-02
3.008139928940931074e-02
4.629286028403479039e-03
-2.248645316284535525e-03
-9.390282102742997933e-03
-5.774852434168795991e-03
3.377000563663307229e-03
-1.952177174933984738e-02
1.762967974383894063e-02
-2.536197876377375982e-02
6.903753001236059839e-02
-2.726827603645461812e-02
4.383247528335679905e-02
-2.653071907066975946e-02
-4.713746329174494515e-03
1.922953347287339326e-02
3.299505689262423325e-02
1.232112700176162326e-02
-1.435709078250256739e-02
4.936299652235222324e-03
-1.822077812671545061e-02
2.875628132074021376e-02
4.482171284675331990e-02
-1.138707287630529204e-02
2.019956102232376566e-02
-6.534049504124718466e-02
1.441673948624849072e-02
-4.288065972319213964e-02
-1.449228908705839543e-02
-2.839171744407791367e-02
-8.663014473176252001e-04
-1.991932329515234273e-02
7.184561153873311734e-02
-9.645370722662277574e-03
3.420856556909932650e-02
-2.498570211110105743e-02
1.924021204840038746e-03
-2.689671511900260104e-02
-7.806524871263776852e-03
1.538606925346622939e-02
-2.956020175319047649e-03
-2.482349935638570974e-03
-6.404614376008012366e-04
-4.176756589340860359e-02
-2.745920154883845291e-02
5.451663798490624657e-02
-1.617067973424695521e-02
3.114043431530381933e-02
-1.260940717866283062e-02
5.592792410155029981e-02
-1.884280609521427063e-02
-5.143694546214307162e-02
-9.437159389878933477e-03
-2.966412813006227139e-02
-3.729046722034108641e-02
4.297121227539925370e-03
-2.333012775724315965e-02
-2.894008651057829867e-02
4.551997635827181171e-03
-2.406136495149176213e-02
-2.447898911099965352e-02
1.491213771283757261e-04
-5.522329199053490484e-02
3.477150485699312399e-04
-3.474303718374565763e-03
-1.676157448157852836e-02
-5.088613296116402396e-02
5.033154669316545204e-01
-5.000330110115077525e-02
-4.250383124600286971e-02
-9.872928220430543175e-03
4.021710178875130548e-02
5.173616908216634169e-02
-3.082967316196691052e-02
5.243452064938415591e-02
3.745538824012023538e-02
1.838644966107536374e-02
-1.890868303524191607e-02
2.197500489473609361e-02
7.028716317145685538e-03
2.171699493950179916e-02
5.307958316255035891e-01
9.526106570980621621e-05
4.838808876007114068e-02
1.689300506760930617e-02
4.447516127864403063e-02
5.465858464692904817e-02
-3.764838347879284619e-02
-6.345432882016180387e-03
-3.708190711971381948e-02
-1.343179246842845370e-02
-2.364647024358599442e-02
8.723526913540120831e-03
-1.035506806872979121e-02
-2.472868690678238501e-02
-3.076452610354075967e-02
-2.204895573532331468e-02
-1.247546984844326995e-02
1.180768548151450367e-02
-3.997711829371647374e-02
1.926456425688218704e-02
-2.600348078839702717e-02
-3.876007803236632479e-03
-1.986932971292394018e-02
5.217318758557169811e-02
-5.478280172830000266e-02
6.253525900559249451e-02
-4.059741868650396102e-02
3.037612294768711474e-03
-8.027392018818441111e-02
-2.123038801720998278e-02
5.525072408165979804e-02
-4.345230840575133729e-02
-4.344657635023355113e-02
4.370509233056892040e-02
2.336991730026053912e-02
-7.729926864612582382e-02
2.545975991365460531e-02
1.567022171901868294e-02
-4.785683136114841224e-02
1.030758331546463916e-02
3.711741183740559918e-02
-4.350387916263390164e-02
2.001038683166287899e-02
-3.519882278910128198e-02
7.008694350350055599e-03
2.821005626128390148e-02
5.169467110209914618e-02
1.747896405848675325e-02
-1.469172703768688477e-02
-3.421687220724107473e-03
1.248814010749687078e-02
-2.931762936132792374e-02
1.432218034855045966e-02
-4.248990871179844642e-02
8.546933066371931870e-03
-5.382464117705129669e-02
-2.163023352000437161e-02
-3.411244552273065556e-02
-8.867158316321156752e-03
-8.023845136889097562e-02
-2.979751567310628610e-02
2.051737266081087724e-02
-8.768030087937190090e-04
3.040647180689019791e-03
5.077057010583531094e-01
-3.417537879496344855e-02
5.007501578836480727e-01
5.381758070686512019e-01
5.198067781269830601e-01
5.144538204569962803e-01
5.601181473248925680e-02
-8.348418502604145613e-03
5.126035987194669241e-01
-1.013451288855091517e-02
-1.284159759299158265e-03
-2.460781773708712802e-02
2.912172968099112358e-02
6.032430518999118418e-02
2.025553387529933913e-02
-1.752627287693342764e-03
-1.011166535318688657e-02
1.378576234973055877e-02
5.570004525484428121e-02
-6.045273152576231129e-02
1.159244176653947099e-02
-1.378215526258368823e-02
-5.841834272109410267e-03
4.093769177360093332e-03
-1.769769985447550847e-03
-1.952336744576672542e-02
-1.698110509987284938e-02
