-1.149923305393598383e-01
-2.038035865609912900e-01
1.977973386117518051e-01
6.785896787099290894e-02
3.405491485976493982e-01
-8.655620028076238537e-03
1.482411611647075911e-01
3.402497458561948296e-02
2.977497243168669705e-01
6.682858499957451404e-01
1.623242913022722722e-01
8.126294910776874492e-01
2.107823635916276361e-01
-1.487526267752938280e-01
-2.952670748253525268e-01
-2.054546922470759096e-01
1.005383286594050823e-01
6.699153892422647916e-01
6.126182714941769136e-02
-7.805614327810470598e-01
-1.423589350567009415e-01
4.404089986985441907e-02
7.659871168913819917e-01
-4.177994853643795387e-02
1.715115062332288054e-01
8.272226386648255936e-01
2.177300991938362906e-01
1.394231736762946705e-01
4.319343634642766050e-01
2.915848988214305576e-02
5.212133429667830109e-01
-7.491009473866718782e-01
6.776004735321069505e-01
2.003554761391825034e-01
-5.844636264820027294e-03
5.439024309852141803e-02
-1.504884234125198894e-01
1.387244835491849293e-01
3.620397323685558555e-01
-1.969016578349054303e-01
1.319962182909296122e-01
1.384373146668843590e-02
7.565084452113685076e-02
-8.002080871867045531e-03
6.185124465642137803e-01
5.835110665907167204e-01
7.433101426283725832e-01
1.918327430730512317e-01
6.863394425842752611e-01
-1.774550511159568855e-01
6.033231528456179937e-01
-6.589273485797542129e-01
5.918270297376739819e-01
1.527345748040764284e-01
2.255075444333333179e-01
-1.880128157079202222e-01
-1.121335252140328587e-01
1.058282227739963943e-01
-2.174941760304397453e-01
-3.659063487640724643e-01
-3.600938968891149727e-01
7.675563649092054241e-02
-9.554494639462360328e-02
1.626702981041185658e-01
7.525617092139358366e-01
1.071850823212627812e-02
8.801099983026983153e-01
-3.313845077821091500e-01
5.061879235621391526e-01
1.115680144063922463e-01
7.187690577349157284e-01
6.047257178159657354e-01
1.081920452815099409e-02
-4.105168430113999289e-03
-8.068281917986849794e-03
1.050709321968618382e-01
-1.707717264759062714e-01
-4.231047666730589074e-02
2.572575708924235705e-01
-2.356443154715537336e-01
3.276216875242002335e-01
1.718747227052607185e-01
1.214506605160290270e-01
-1.645005932914617441e-01
6.004795651963597963e-02
6.415438700282229123e-02
1.589258347925719406e-01
2.611414521583340087e-01
-1.371955812491503501e-01
2.073275071501136380e-02
1.226450213918513915e-01
-3.300098020638364549e-02
6.281961774117865716e-01
-2.141419396955124566e-01
7.228283701116290649e-02
-1.296219382130164854e-01
-3.441662789221210106e-02
-2.182965229001484347e-02
1.892497989584023266e-01
3.981506827859323527e-01
6.505461430870608242e-01
-1.117043009198716713e-01
4.486306047900417981e-02
3.860094001600251901e-02
-1.872723325789614479e-01
6.121160953091474288e-03
-5.817287112288717366e-02
9.560236138692301822e-02
-3.413580154739138672e-01
-8.055042065432184428e-02
1.584461272449922686e-01
2.687439825978565344e-01
5.351259882476315788e-01
6.187276800327773385e-01
-6.911095359197332311e-01
-8.450666225737323289e-01
5.314419553821074782e-01
-1.614282815179228503e-02
5.186711838322791701e-01
-2.008854902788346358e-02
-6.166035094805411010e-01
1.478401606079078612e-02
1.624450510494420893e-02
-1.780964756621802869e-02
-6.605063470395440284e-01
5.539288384154601730e-02
2.152131689658362546e-02
-1.432086562843294386e-01
-1.381774937449743446e-01
8.480704208078036765e-02
1.070088536595582840e-02
1.210273386111732907e-01
-6.646447343959237530e-01
-6.710485713870140145e-01
-8.224399075300810047e-01
-1.737668132492918849e-01
-2.315490251306651093e-02
-2.899118536828896309e-01
4.668599130402417696e-02
6.487709235954103315e-01
7.369356665967283782e-01
8.549047759047632630e-03
-1.288934617186206222e-02
6.452709074553371338e-02
-8.145321429005772385e-02
-3.904845467053488783e-02
-2.109444129819225966e-01
5.777422925615333105e-01
-2.231832687391900605e-02
-3.179755596376790394e-01
-1.237555764691744553e-01
-2.376715697250812720e-01
-2.883037141729785993e-02
1.071061297228058096e-01
2.668357152330098070e-01
-2.103360395670270389e-01
3.597517100453724581e-02
-2.678056465096803618e-02
-6.836932479019464104e-02
-7.981197470707333819e-02
-2.258912593349916009e-01
-9.059518168481231482e-02
-1.724012367079670871e-01
6.255022058451591427e-01
1.473077383557975795e-01
2.699027301940926660e-01
-5.880830953309016396e-01
-8.942959708927050722e-02
-7.917221601767791828e-02
9.934732424175587440e-01
-2.151386481923256780e-02
-2.451408683037420155e-01
1.994546812712841288e-02
6.472126327883132024e-01
-7.169460758732830452e-02
-1.616376197546502413e-01
7.830914532713068033e-02
3.553772773980288235e-01
-2.075182453603748589e-01
-1.964697592993098207e-01
