3.782610395776482282e-01
3.869439087786834541e-01
1.807974104220396172e-01
3.212454847721466500e-01
-2.186820236137912085e-02
-2.536176991927322488e-01
2.816418002169495116e-01
1.213983003263175292e-01
-7.391560016389801813e-02
2.534971196878410549e-02
2.572749992223072879e-01
-2.322136348638523806e-01
7.888196979553796506e-01
-1.174848654495189437e-01
3.891390409619769897e-01
-1.236652450369803702e-01
6.558188058241369855e-01
1.039905625668318401e-01
4.584705765928997478e-01
2.088472296129531280e-01
-2.559652519987820063e-01
1.589282300079260246e-01
1.987234378201534202e-01
-2.280985879331125787e-01
3.654454399624135208e-02
1.839818633169579970e-02
5.582716621121830425e-01
2.525487292613978196e-01
3.372135234318957009e-01
1.757245852208061954e-01
-2.194048676458631442e-01
-1.562584843317868233e-01
-1.262188353868142973e-02
-4.502316866634655801e-01
-9.090513190062241011e-02
-3.110368691899630944e-01
-4.782828976183345349e-02
-1.939729476539611419e-01
1.918873683344973213e-01
-5.004467350362917788e-01
-2.751548615467481751e-01
-1.705270700716297605e-01
5.284759045409070932e-02
4.619062716080606368e-01
2.073000360335114090e-01
1.026034262365954491e-01
-1.531374060797187353e-01
1.394302690705088998e-01
3.537340465410749868e-01
6.260278320218438664e-01
2.035310502675986011e-01
-2.011430115641144878e-01
-7.161716576279196500e-03
-2.070143638142060011e-02
-1.323966265272988052e-01
-1.618787053372406637e-01
-1.795654210356163738e-01
1.893076952181325101e-01
-4.953190550756171318e-01
-1.058796024336606384e-01
6.220901816839782134e-02
7.549983788317524702e-01
2.892049443586563462e-01
8.740821702667737891e-02
-2.817164447308995179e-01
-2.117578875651846548e-01
4.500802192594727247e-02
6.369600706620418551e-01
1.547622764250430535e-02
2.423948936649511499e-01
1.196679452960689727e-01
-9.787685633572154598e-02
1.798111360046213136e-01
-3.404155628195475181e-02
-5.717393161538493196e-01
-2.011585232170163828e-01
-6.998496064831901675e-01
-2.059266162240956100e-01
4.841791901105951812e-04
-1.202971918222894843e-01
-1.116747466780855513e-01
-2.847042766464224495e-01
-3.503895047662535789e-01
8.226336819552498847e-02
2.425007785499261326e-02
4.119569569010360366e-02
2.119051850906848444e-01
-4.290284220358071832e-02
2.670545717152157938e-01
8.393460301793814748e-02
