7.451986035975600720e-01
-2.874996353729594722e-01
7.217343548395007691e-01
-2.834929944921961154e-01
-3.388341866965965954e-01
4.551253098671168562e-01
4.105950681081967368e-01
9.706084756735684493e-01
-9.295390852492465550e-01
-9.513418781196050222e-01
1.691386052068492241e+00
-1.169679432783273132e+00
6.177787026722127983e-01
1.327356697605331370e-01
2.133858845164905427e-01
1.732261458770214535e+00
1.524094040769364167e+00
1.145268300614514567e+00
-3.509103471010593389e-01
-1.608590338761855393e-03
-1.438472618331108205e-02
3.864342900177567680e-02
1.187300618640170086e-01
-3.219465309313199741e-01
-9.602785546378250769e-01
5.243541453059388097e-02
-4.890429994289440252e-01
1.141166072764536521e+00
-2.661122725655754029e-02
-1.836479909498169860e+00
8.631397058445765547e-01
1.715287583838293495e+00
2.929318288107961576e-01
9.157777532797120035e-01
1.204258806046611285e+00
1.900686057920755401e+00
9.342542545000590559e-01
5.128460581986638012e-01
-3.889867091630091478e-01
-2.568163772124116284e-01
8.388379118138125645e-02
-7.927616384227916813e-01
1.228314667703168661e+00
6.822488953672328771e-02
-2.235529145848739185e-01
-1.277275248297994104e+00
-1.474907880331803867e-01
2.519747485704638690e-01
-3.207483752530008170e-01
-1.745254663758329106e-02
2.420569976513932409e-01
-4.248039543171404642e-01
5.858589935136941929e-01
-2.146279138477251713e-01
4.122400545048092169e-01
1.203576367980477985e-01
6.328299535512260654e-02
-1.790384431308711388e-01
-1.423741191815172780e+00
-1.484034218250264714e-01
7.870076470771868171e-02
4.693887688267914249e-01
-3.864293873797265411e-01
2.418345616652525787e-01
3.813684000038193300e-01
-9.831186974450940586e-01
1.587933645104593783e+00
2.114168725035795227e+00
2.140094320267592387e+00
1.634822891720694615e+00
8.330990184767488316e-01
8.197838471629470547e-01
5.754355900187184403e-02
9.420486622263463117e-01
2.779185963765366529e-01
1.800434325833512317e-02
6.792931750305694627e-02
7.213859931074896314e-01
8.583798215309895729e-01
-2.880260966882632889e-01
-4.081314472204387034e-01
6.703355811661257935e-01
1.298045259293321707e-01
8.240477433748607528e-01
1.227121093477872460e+00
1.071294954395038301e+00
5.285495776055713080e-01
-1.317365037282657525e+00
-2.596372883037011636e+00
1.319308349928038915e-01
-5.492888611201222904e-02
-3.050654307436820312e-01
1.636120725937060261e-01
-1.143544754396777358e-01
-4.025748352180726908e-01
1.514240326565500505e-01
2.141954366278864264e-01
-1.491870066084348134e-01
-7.006937537881852140e-02
1.510648015333147520e-01
-1.855343874133272175e+00
-7.685089239986701848e-02
1.366244898625248894e+00
1.230026358695019306e+00
2.849751740487755924e-01
1.017121814407760727e+00
1.106113934032005419e+00
1.736467736948823060e+00
-1.786347628755961536e-01
-5.047473873692059909e-05
-3.345982053720688437e-03
-1.568498802450690732e-01
2.891551416982618417e-01
1.465489472659981862e+00
-1.762535774769241337e-01
1.503320970317636174e-01
1.560228869027569798e-01
1.301259305411288647e-01
-1.189817461782628483e+00
1.050464603347761594e-02
4.686398436459242589e-01
1.566818993848058339e+00
2.558161617172463487e+00
7.132111825751599188e-01
1.817477556571727826e+00
1.877671448282994371e+00
-7.811874262176132788e-02
-1.304716267941905095e+00
-5.401658981389554359e-01
1.053575601380023929e+00
1.009025180117461673e+00
2.119413869832558750e-01
1.436690605534385323e-01
3.073243692467795718e+00
-1.148499065201133540e+00
-7.266641370197579608e-01
-3.860832716057115976e-01
4.881354552116411449e-01
1.479820538962377530e+00
1.090173859557248992e+00
-3.593407996548841910e-01
2.315395201098695122e+00
1.177711449010531375e+00
1.998401966620479975e-01
2.233342114237878984e-01
-2.687132256736888825e-01
-1.504801594990293895e-02
3.665085171734890346e-01
-6.689794895281794829e-02
-2.223141586060976144e-02
-8.536456642698047048e-01
1.792273061869941453e-01
-2.969980486940252407e-01
-8.489327483777657501e-02
3.875701369214563097e-01
-6.039651736487334777e-01
1.684432683420239441e+00
1.540678337612223281e+00
6.989895810606491788e-02
1.454354524430415019e+00
5.677123100387966304e-01
1.412794576070928843e+00
-3.813640625914885840e-01
7.195120344681358304e-01
-6.232417410912962641e-01
8.582519815082517711e-01
-1.915946193131204400e-01
-1.150997119216075337e-01
-7.945773923952073048e-01
5.902810040804220559e-01
1.533616718664202017e+00
-1.664249717021113462e+00
3.075273706449571653e-01
-3.904507034946290700e-01
9.829242720078212869e-01
9.357069173515646376e-01
5.308927655117269273e-01
7.545909509790423852e-01
8.313883659694057959e-01
8.756920552016517201e-01
-1.513994552512545541e-02
-2.096979030812132772e-01
-8.276219514959647361e-01
5.010971505170149776e-01
2.497932538889920118e-01
-6.354940530817927702e-02
8.376844415662406673e-01
3.156097406988649823e+00
-2.905261127700841661e-01
-5.679488917087175404e-01
-4.069754055280199734e-01
-9.087682303116745297e-01
1.071142101584467099e+00
-7.501125431767168283e-01
1.006884185381961228e+00
4.258882333471898374e-01
2.056566564273225595e-01
1.466205744053145965e+00
-6.482217790198967489e-01
-6.443103134673178189e-01
-7.460137084035308730e-01
1.008756822359956118e+00
-2.183033611733932733e-01
-1.352601896317556340e+00
-1.168825890046271687e-01
-4.274115729035751210e-01
5.955012233646471698e-01
-5.378141384047727125e-02
6.848572480098809034e-01
1.402023636410693941e+00
2.498324243376742082e+00
-6.980471518523793939e-02
-2.429371340597497597e-01
1.734276478263263033e-01
-4.407007080762169182e-01
9.205496968034889704e-01
9.011798259720572579e-01
-3.066942034414429918e-01
2.556139834157881707e-01
5.467508742609011874e-03
1.020778364724711285e+00
2.338211436171793445e-01
-3.783227355781962897e-01
1.379834146808719963e-01
-1.236734708688381090e+00
-2.186817600842545506e+00
-8.219860702147725462e-01
-8.985444877605683889e-01
1.407587607840940391e+00
1.093503297786823758e+00
3.410814295076559088e-01
7.783784090297009017e-01
5.990393237090655409e-01
1.088304289684767223e+00
1.075017674340361107e-01
-1.315849150575536253e-01
-1.319917334040628665e-01
-2.586393687881775039e-01
2.581911582925981441e-01
4.325452254354484466e-02
2.250653439500174269e-01
7.892595000587122878e-02
1.843941200578443240e+00
-2.123881570516006789e+00
-1.225124734114686031e+00
1.261713204174647718e+00
-1.569949084878486723e+00
8.107338792764000324e-02
1.414746832118188635e+00
-6.677254660260969477e-01
1.865454157611775021e-01
2.051669703776511700e+00
-2.169087316235937257e-01
-3.303096733664908635e-01
-1.223552311093931144e-01
2.773191108778774172e-01
-2.938141274207194398e-01
-4.037465372050531021e-01
-1.647632449777548969e+00
7.290045707875965342e-02
2.544622332794458930e-01
1.096834631539120641e+00
-1.728959749137821245e+00
-5.262715537625211049e-01
3.377998637060580789e-01
3.023617276661971776e-01
-1.874747025823609858e-01
-4.274694556696503889e-02
3.745639713319508513e-01
1.798333349411265658e+00
-1.784474373436485406e+00
1.364208733751988589e+00
-5.331749702038798278e-01
6.099487026652072874e-01
1.665366858685819185e-01
-2.313480968633055412e-02
6.817528600394632265e-01
-1.156863862168713841e-02
3.056398304921691123e-02
5.831445560239419956e-01
-1.498503053839238541e+00
1.778300484305063378e+00
6.336485978969338406e-01
1.413868434417980546e-01
1.684447177316963917e-01
2.843179295578938337e+00
-4.640368220985875702e-02
2.104635376763046017e-01
-1.508588756354035110e-01
7.743090674476046376e-01
-6.611999852521930343e-01
3.269118748945083475e-01
2.751155725842484578e-01
-5.720427026791652381e-01
6.990124095042419272e-01
2.260165309238416631e-01
6.120924392007373038e-01
-2.313891086712690781e-01
1.148557515773354076e+00
1.925307998893154848e-01
6.939134018279603522e-01
1.167987846586934220e+00
9.127257773353650294e-02
2.248733322887417618e-01
4.438365803946158761e-01
7.822178721539674306e-03
7.412308075323680301e-01
1.043482899207365117e-01
-6.349307142033259188e-01
1.836752742284845641e-01
-1.891725350442854392e-01
-2.101784503614537725e-01
-2.491249773184463501e-01
7.756960838275566150e-01
8.746729654950292643e-01
3.029900385689858755e-01
-1.882529437092430813e+00
-1.561680739141093399e+00
1.483429170130084129e+00
7.814347908434499113e-01
8.396861755454430032e-01
7.589645755810697780e-03
9.689346784723328332e-01
2.334504684738125224e+00
-6.746547761163627088e-01
2.878167000934688247e-01
8.654614496822695680e-01
1.450258531058521427e+00
-8.117520014135439776e-01
1.609930715408912416e+00
-1.175382974554877863e-01
1.643034227679701420e+00
4.832495424723813604e-02
1.132617123724880132e-01
-1.831603142313897870e-02
-1.365469520724565733e+00
5.481688069734677038e-01
6.535931187315620061e-01
1.199456019932768847e+00
5.346390181431075472e-01
-8.073089369735844678e-03
3.727341681652707739e-01
-3.010554759431507410e-01
-1.012208325148772792e+00
-5.937788181180179148e-01
-1.350211445535134835e+00
1.271359659895590077e-01
1.304776743063090549e+00
-3.131005097402022597e-01
-8.208081808798419754e-01
-8.686324029325707130e-01
-1.771478755338853350e-01
1.081270233979682471e+00
2.828667454213239507e-01
1.227269488690337251e+00
6.845705128591227373e-01
3.252318269573258869e-01
-2.523562816857130908e+00
6.115524024320261320e-01
-9.901409331798664004e-01
2.477296663223066409e-01
-8.962535734514309738e-01
9.794646808563272078e-01
-4.339603146499723674e-01
5.029190379363752683e-01
4.421586567858576955e-01
6.773131160177121857e-02
3.550463192221615660e-01
9.804326682127995074e-01
-3.266607737249354049e-01
1.320146278053624389e-01
-2.317823445469056332e-01
1.232464191243429541e+00
2.050597095501564215e+00
-1.043847649286523627e+00
-1.308280070509706128e-01
-3.455344826095593791e-03
1.192109787560031942e+00
-4.454515720587176597e-01
-1.371790136123849368e-01
1.371162894283505240e-01
-2.396912347579072677e-01
-1.670635976661891675e-01
-1.682985203754717163e-01
-1.173371010919544100e+00
-1.112068853397245149e+00
-4.197389524901869173e-02
-7.036782942906050220e-01
-1.167426148127061747e-01
-1.428221322027291018e-01
-1.130977158704848051e+00
6.250254592859064706e-01
6.167105364640762533e-01
1.007051477258158689e+00
1.577761591678429554e+00
1.115084564683140433e+00
-3.191812467874591275e-01
-7.939632410013012231e-01
1.667772812047532416e-01
9.276407269548134216e-02
3.339547794724136431e-01
-1.020809797904961735e+00
-1.305158652001648378e-01
-4.795620321323811330e-01
-1.292517248316995826e-01
-3.298160348613021209e-01
-9.592858507116027722e-01
-3.819128569294457654e-01
1.165817164546898654e+00
1.785230623522141125e+00
1.027243267331278131e-01
1.459964833447542576e+00
2.334106217150888618e+00
1.992759330717223776e+00
4.314021404208497057e-02
-1.630623556620454551e+00
6.120804409663027634e-01
3.170510786846088558e-01
-8.879010748123483676e-02
-1.310436041554286613e+00
8.044144769288885666e-04
5.106689339013501527e-01
1.734905002181923228e+00
-9.420464579713437592e-02
2.385599371591607953e-01
1.054588454201604852e+00
8.850114921102844034e-01
6.135943011079182385e-01
-1.134133957395696335e+00
-8.990737526982909289e-01
1.897341669875319381e+00
1.733542534057636253e+00
6.541506020335903226e-01
1.070231645558440192e+00
-1.696799774189010346e-03
2.556306557436802684e-01
5.967528775183292833e-01
-1.067224698197228427e+00
6.900557901425662388e-01
1.739776582081344336e-01
-3.938389638446304630e-01
-1.377457788938237226e-01
-1.519880124646071140e+00
4.654574422484207274e-01
-3.603054217751480715e-01
1.848652052618059871e+00
2.120685313500728919e-01
3.908510040122513685e-01
9.012070609706586133e-01
2.923013581227629776e-01
2.123119316518977950e-01
4.474384743544838061e-01
3.634663598519207728e-01
1.978633118602213248e+00
1.094755526862789097e+00
-5.504572792302727530e-02
1.716805020987094074e-02
1.393626122339968187e+00
-1.560677280054744986e-01
5.462885959369067068e-01
3.188654244587003916e-02
-1.485981800272256903e+00
-1.141716050732968002e+00
-6.215876873280964388e-01
-2.536699111540132723e-01
1.181671573455370661e+00
6.415995347533417492e-01
3.763204076915269147e-01
-8.505711561216434680e-01
-1.650939583336943350e+00
8.321710603402486806e-01
-5.672861243596336589e-01
-2.879423175406241320e-02
1.565046486384625180e+00
-3.448128482375291126e-01
2.165202559226919732e-01
6.418442329063682728e-01
6.797301178826145041e-01
-3.129087236680094114e-02
1.294772080736271924e+00
1.704521706817839766e+00
-5.722260751644751009e-01
5.958111327822678271e-01
-1.284679675670407972e+00
-1.007304063528815075e+00
5.433453567931126882e-01
-7.264488219386340262e-01
2.295780395618499392e-01
-5.099237960364720879e-01
-1.255550702541170516e-01
-7.213796850627847146e-01
-1.800480456913502003e+00
3.686399265493960353e-01
-1.245179660496370300e+00
2.751571768977413290e-01
6.351330570020978783e-01
2.767443437103098702e-01
1.759699430253250374e-01
1.436285621391917289e+00
6.481287455977842171e-01
-8.554696606225940803e-02
7.174616780182364595e-01
7.415496086172896906e-01
6.923545909335990789e-01
-9.124971359896314471e-01
3.964403364108194383e-01
6.692361020224208978e-01
-5.575033899233520218e-01
-1.386633093831542152e-01
-2.232688115392572614e-01
-5.752073261833429152e-01
-1.105981048948568857e-01
-9.647025032998433058e-01
8.453453560040307124e-01
1.636843493734931321e-01
5.959311497716105466e-01
-9.055866041998560101e-02
1.324278106375634811e-01
-7.954023006741572921e-02
3.661446065163345143e-01
5.948925993422256031e-01
2.248721190216768751e+00
-1.760038708336449931e-01
-8.696368959204270332e-01
1.354497655105990184e+00
4.006906573236546643e-01
-6.126643335766059906e-01
-8.182487384370812356e-01
-3.207664039307008830e-01
5.543684314504575550e-01
-3.227636321212087323e-01
-3.579995168126234306e-01
-1.004870953394330080e+00
-2.804616574110631033e-01
1.297441727092080166e+00
1.480864083092425565e+00
-1.350972945087547838e+00
4.786113303541131292e-01
-1.670756196148162620e-01
2.408682711086012063e+00
