-1.049573965516191199e-01
-1.389846952847235695e-01
3.175670081976126879e-01
6.111694415449950291e-02
-3.770213482429054380e-02
9.572831290558447837e-02
-5.882407988622869593e-02
1.940826117795730124e-02
-1.129310300836104328e-02
1.170400909138889778e-01
6.106710750156058021e-01
3.594419665508627459e-02
6.020070905553078777e-01
1.497273126439486735e-01
6.040004068767019785e-01
-1.954030657527880965e-01
-1.064167230740755837e-01
-5.947133482306502655e-02
-8.563260810604926554e-02
3.752758245662005804e-02
4.050153683323473586e-02
-9.137523657085508400e-02
-1.056970104914800590e-01
-1.485776866299083343e-01
5.467151826089027278e-01
6.590800593423343234e-02
9.918693446608516096e-02
1.174502156396952657e-01
-3.042030572911628983e-03
3.383837397012528538e-03
1.133308161776020451e-01
-6.980202521115591585e-02
-8.705429568626123216e-02
-1.167689087577992724e-01
-9.056382711545153674e-02
6.160841594733880155e-01
-1.721739836817373637e-01
-7.215747333757027704e-01
5.899733082814632990e-02
-8.710118558230992014e-02
5.207488523194264696e-01
-3.580012794245725216e-02
1.090485828827598147e-01
-2.772082205917466013e-01
3.761025317569922921e-02
2.925474494342262255e-01
5.760242188347097086e-02
8.971141825109474333e-02
2.641206573952958880e-02
5.571994490775138142e-02
-1.856329909024408698e-01
5.688773861941948812e-02
5.021130275771248375e-01
2.620021316378370879e-01
-1.736259109187422156e-01
1.439704595679866805e-01
-5.923441813970836689e-02
-3.173584635139075141e-03
-4.755851730443864944e-02
-1.283803143553265830e-02
1.503385816485104387e-01
1.308684100734691658e-02
-2.696580539595008069e-02
-8.046195798527677745e-02
8.478772189754044813e-03
8.530393498193422630e-02
7.207094153510243406e-03
1.334437359691748592e-01
1.042249787538603312e-01
1.027054158718820887e-01
2.104745544661389689e-01
3.711010661616312434e-02
-5.775154153289727144e-02
-1.304490278317095853e-01
-7.968243165722252441e-02
-1.282373561167087644e-02
8.533517991801761737e-02
-6.610307267801035502e-02
-4.402187257487164690e-02
-5.095511413222240937e-02
-3.077280908588581054e-02
-7.954177676926993401e-03
1.426778267110945797e-01
-1.230164178914274070e-01
5.675479297977323312e-02
-4.463926480009763886e-02
5.850289610255694078e-02
4.597523955022523451e-02
1.773994883652840193e-01
-4.553800568958976669e-02
7.941597600353132724e-02
3.866122576722635928e-02
1.090511189503423628e-02
3.336467566994200107e-02
-7.291347725924075818e-02
1.072450995827845532e-01
-1.970692254695126100e-01
7.993637535700613694e-03
1.676445145458702046e-01
3.161088908410596976e-01
-1.176996810897254220e-01
1.192341091316863055e-01
-1.515325254644482866e-01
-8.089734644462068247e-02
6.575171840730720252e-02
-1.210105378980067953e-01
-9.535810146319725900e-02
1.602749615433483044e-01
-5.110564323247446944e-02
4.794561680940417903e-03
-4.366291577435763710e-02
3.552865035680678046e-02
-1.192850342217879056e-01
1.146200009121957630e-01
-2.145559393680643023e-01
-3.516070797956276361e-02
-4.722042788531868873e-02
1.509298966092947891e-01
-2.799887663741908173e-02
-8.891459175669258475e-02
7.999819750072822977e-02
1.630339503598705608e-01
-1.375407207650407998e-02
6.091543838487202545e-02
1.245873947611856464e-02
1.185926883933973719e-01
-4.971831629534480268e-02
-8.186060984661286399e-02
1.058302025266553981e-01
6.724278718049625514e-02
1.060194269576989444e-02
1.045198868223269351e-01
8.866171432955334553e-02
5.475983032064908607e-02
1.477796684537386607e-01
7.959099809183162177e-02
4.433640917615753324e-02
-5.156580299233844145e-02
-3.159315486635950326e-02
1.793422553640893202e-01
2.398486641627523355e-02
-9.052893917147848690e-02
-1.027323794086060504e-01
-6.725371426342374725e-02
-3.271957283019873153e-02
-1.263969013025036947e-01
-1.000560282025752257e-01
1.850921222839809616e-02
-8.623418571553211065e-02
-1.020978397211166067e-01
-2.218713113295481265e-01
-7.105107545046659978e-02
-1.453140042087514294e-01
-3.103808073150679525e-04
2.100039858227278622e-01
-6.260881421449754347e-02
-2.188714077424397109e-01
2.101805630772734731e-02
6.159914553710835183e-02
-1.194537600979665992e-01
-2.779279891270762526e-02
-8.188225173166842341e-02
-2.279206846061559988e-02
2.237666750353023426e-02
2.019657313707793472e-02
3.739982513670554731e-02
7.786878153782687828e-02
1.763324002179432817e-02
2.329268082452904884e-02
-5.884025176338301133e-01
6.123114555438220474e-01
5.981696504249146840e-02
8.444728851991618879e-02
-1.606050115981451087e-01
-1.016328750162416236e-02
3.165347191347838568e-02
8.140844340694990133e-02
6.669509711199927970e-01
-8.599988080474293972e-02
6.264577001334725725e-02
4.100586869696504905e-02
-6.930894506099756214e-01
-9.089061650534320524e-02
-1.609999043465726865e-01
-8.402102814330972280e-02
2.803303636043473490e-02
-8.686089514240283305e-02
1.149087412794121410e-01
1.368104587838005204e-01
1.223559189756472793e-02
1.602389533678633821e-02
7.793351218913237288e-02
-5.343639919820453166e-03
5.510739887514141122e-01
6.054898286354479936e-02
-1.480606890943653164e-01
4.476148788226996800e-02
8.421995509195392970e-02
8.794795939410725294e-02
-1.948717780585313419e-01
-8.479907784196265286e-02
-2.348870406757407048e-02
9.602008942017102588e-02
2.388726515416410290e-02
2.880281393139616855e-02
-1.455888586788298689e-01
-1.102726924928419672e-01
-5.066128406292990521e-02
-1.719226472592100263e-02
-4.162168018225231858e-02
1.340149040383184220e-01
1.103024569065817473e-01
1.654433911142973446e-01
2.882826815233657802e-02
1.332412547601007358e-01
2.399571401944097446e-02
3.999784799106961830e-02
6.195803270437400673e-02
-1.779160440875817151e-01
-7.371350676314927797e-02
-4.622598235951305701e-03
8.995318402323974893e-02
-2.223790781717955439e-02
-1.797534743579651262e-01
-5.421084445622026404e-01
-8.452241907264546050e-02
4.336691985003062605e-02
5.877111374825345624e-01
1.041176856352012958e-01
-7.461625268660995736e-03
5.144595527556568293e-02
5.774937977462197836e-01
7.785722196952447882e-02
1.710273467668351755e-01
-1.464921690819123018e-02
6.246083278495001556e-02
5.128451426879895858e-02
2.119068557334561897e-01
-5.145079975689650226e-02
-9.590593083150951437e-02
-1.745989716431625011e-02
-8.565047340277069654e-02
-9.426891840466430916e-02
-5.037130844301201255e-02
4.624193185992145350e-02
3.583108832126242344e-02
-4.341514255624093210e-02
1.304782983571189936e-01
6.552498694613993757e-02
-1.148468704796208884e-01
-8.691345900044369910e-02
-4.400689516255847783e-02
7.209491923189299822e-02
-6.058776508237890407e-02
-3.202741965772516047e-04
-1.975444380511161557e-01
-1.994841524796451826e-01
-6.388952256155865372e-01
8.088904543594635510e-02
3.912679500858350090e-02
-5.643223744922841734e-01
-9.145721347543152302e-02
-1.409338369161537430e-01
5.350963576738488880e-01
5.248339671177661842e-02
-6.282859576945684643e-02
9.715102585690291170e-03
-2.311761318704017021e-03
-1.131822085961108892e-01
3.520050259277568427e-03
-1.123198960868206919e-01
1.255292739543305003e-01
2.124061924266396062e-02
-1.440632984794953386e-01
3.668742130859298928e-02
1.790550824085778703e-01
-5.351214442501023294e-02
-6.952014318710457441e-02
3.999150100692151072e-02
-7.192660120461512319e-02
-6.096322778122701541e-02
6.291098872411325649e-02
-1.051032862160109493e-01
-7.944001525126812013e-02
1.267695466497964496e-03
1.007312480244175468e-01
8.336829849836975559e-02
-2.045336264043173119e-02
-7.528324649903528343e-02
-2.158438521884986083e-01
-3.034380417141495367e-02
1.909798470153075689e-01
-9.906535182278836116e-02
9.244920581002460946e-02
-1.326853799421859326e-02
-2.108324409979885072e-02
-5.391029917425675666e-03
1.817430597518255864e-01
-4.542009367521240154e-02
3.020575388863679100e-02
7.986169075424305597e-02
-4.993416277248789725e-02
-1.903606640006307860e-01
1.433075194316304202e-01
1.544974613536515273e-01
5.149658484672693659e-02
6.157186861707812930e-01
-5.960247547943310353e-01
-2.491734220606682537e-02
-5.641115555422936828e-02
5.425586463770470935e-02
6.430664929988312573e-02
-7.432397030890956768e-02
7.846273888460891799e-02
-3.836072595539354035e-02
1.817034038224559223e-01
6.960406216306914973e-02
5.910017783278667114e-01
1.260083655436047834e-01
4.642265625591261019e-02
-2.299770950890009658e-01
-1.532919924987373173e-01
-4.392115003683795538e-02
-2.299158682485687721e-01
-3.255424947055889362e-01
-5.794120140179661455e-02
1.672619417237297124e-01
-2.550047988180947911e-02
7.203347827134716497e-02
-7.934967962074301884e-02
-1.029770307474442564e-01
-1.312299394059546209e-01
-3.472220367270917318e-02
-6.834302354898071086e-02
1.950881089284368236e-02
-1.370312712217298945e-01
3.286581952560321818e-02
3.575949790798840788e-02
-1.878546312346921973e-02
-4.010365340356322750e-02
3.236770928580739309e-02
-6.660090408296445719e-03
-4.051124801905767181e-02
-1.671527730808276824e-01
-3.880454504024256901e-02
1.824140613223371732e-01
-2.172135786822314008e-01
2.828049179335515723e-02
-1.848317360125321246e-02
-7.420556359792450374e-02
4.547262608425928915e-02
-7.203418383294901695e-02
-4.892278179435743252e-02
-1.567871064757753174e-01
6.598809232976329819e-02
-1.751628257221856111e-01
-3.561974364982115060e-02
-4.289233261330860358e-02
-9.390731140929045595e-02
-7.637335889453646109e-02
