7.973590313915911165e-02
-4.664731360617860867e-01
-1.695027108935378071e-02
-3.963199803226537532e-01
3.851055594910234858e-01
-3.372802595611703591e-01
1.708385956172213949e-01
-2.155750885298395036e-02
2.287552487724822115e-01
-3.965956346544534106e-01
1.948877646320231749e-01
-2.283778914365018897e-01
1.907299914770016480e-01
1.521582073778476873e-02
2.150219439451173664e-01
1.411792895881724130e-01
1.216196616176185019e-02
4.495067535342131548e-02
2.500400500332756182e-01
2.416161520833384757e-02
-2.344995472864477848e-01
-4.424257137849396671e-01
-2.274953106843768946e-01
2.604999527240758339e-01
2.409365137037280669e-01
9.426766474422235143e-02
1.183812401419380156e-01
-1.043337618546216899e-01
-2.433740939684213844e-01
1.396899019707465994e-01
1.911914916502628348e-01
1.138373626897964674e-01
-1.285270807519032221e-01
1.395536895979337944e-01
-1.198564857322724775e-01
-4.331799503123720529e-02
-2.875116576487329323e-01
1.480380762090416358e-01
3.383708359159857681e-01
-3.702536526348160772e-01
-2.414833815034956033e-01
4.631209883410040695e-01
-5.201536514225447716e-01
-3.341472428537333172e-01
1.923349151247301936e-01
-3.387910845329495935e-01
-1.230357240216261583e-01
5.396983660111870362e-02
1.547623371968816774e-01
2.491942096345840241e-01
-2.767127095506463630e-01
1.074592230904536649e-01
3.694519496278285686e-01
1.048376431889213034e-01
-4.200931762277630988e-01
-4.685347716076894709e-01
-1.648994494863452731e-01
-5.758745703991906550e-01
-2.052142945025245691e-01
-3.606702104304413403e-01
-1.170053777304274623e-01
-2.054162982213698641e-01
-2.189263089069241330e-01
-8.688305599336704210e-02
3.007904142654961865e-01
-2.657837092010410518e-01
-7.881948956785733706e-03
-1.837495354648069346e-02
-1.380391806253493114e-01
-4.852797923688632054e-01
-7.005850231745031076e-02
1.928533320843676679e-01
3.760844516300524409e-01
-2.983730319437744583e-01
-3.654856787260952755e-01
2.005116960245388047e-01
-3.835740784823096772e-01
-5.440981535543908398e-01
-2.280945324719048650e-01
4.487162257085408057e-01
-5.063531688638357453e-01
2.575528755937496472e-02
-1.009913986973802053e-01
-6.006982796613530295e-01
-6.159589050741057226e-02
3.126311239692247668e-01
3.126559839341011560e-01
2.221698235299059410e-01
-1.644724492046134023e-01
2.945639796224144291e-01
