4.580532923132040746e-01
2.805563107428544201e-01
-6.892503870576545122e-01
-3.558254035583227060e-01
-4.145173734476355343e-02
2.651554784756285366e-01
-5.705571863271957644e-02
6.153382123922492841e-01
1.831964560783372886e-01
1.240695378590614961e-01
2.070632485083767627e-02
5.074983734869753516e-03
6.600948073177640429e-01
4.410047267086517064e-01
-3.474183149858625086e-01
3.992522003517356421e-01
1.157398697474462113e+00
1.191368967036954274e+00
-4.892719781850690675e-02
-6.374125135594933544e-01
4.260566173606978868e-01
6.022820885696973381e-01
1.298963544090411482e+00
-1.746145663103877699e-01
-4.498418688116154751e-01
9.102306223283077591e-01
4.687644039356639314e-01
1.734908487713180958e-01
1.206929355386039127e-01
-2.496346714186321591e-01
1.946800124095798279e-01
2.517404517286758736e-01
-6.921573639385558696e-03
7.679563464104466330e-01
2.018465789388537990e-01
2.794244147588260119e-01
2.378932464042612105e-01
1.652760585407414551e-01
-3.276064588670995481e-01
9.701322797628064709e-01
-5.003510000789274104e-03
1.569298855760413725e-01
-7.357974155273343531e-01
-1.041716316267885523e+00
-7.481914524553745505e-01
-2.121213185408558077e-01
-3.705837903245881026e-01
2.907613925921992970e-01
1.126267685204721536e-01
1.078083264157036592e+00
-4.983202312268553147e-01
2.228747350804579641e-01
4.871754227882993948e-01
1.420075426432587662e-01
-2.175980208470331412e-01
-3.295915907666239208e-01
-2.151166216255451236e-01
-3.708940708512098450e-01
-9.635064629210995935e-02
-8.998740805719371294e-03
1.687051885291918074e-01
-4.048059307424832776e-01
-6.797227816774538134e-01
1.929548080170129798e-01
-2.568194250960804670e-01
-3.676263297500884653e-01
1.136303632466476810e+00
9.875740021143628589e-01
7.870060595151084915e-01
8.533200372003024725e-01
8.513188099796882291e-01
9.893823160579399145e-01
-3.138704329061121068e-01
2.669277745946616598e-01
-1.044260136065458533e-01
4.305507838755337491e-02
-7.541863309054532838e-01
-7.297421876532470542e-01
3.666991208741027797e-01
9.305402530850456766e-02
2.487906583733453802e-01
-2.104385103028478254e-01
-7.345797846639523510e-02
1.911429087766681467e-01
-6.402565931864061533e-01
9.906293493556764251e-02
2.571876868222734980e-01
7.504123232805335331e-01
4.440956886670693882e-01
9.505258382332888445e-01
-1.437432184924041789e-01
7.345140778166389106e-01
1.117655362266293806e-01
2.623866404940982666e-01
-3.305340711849687474e-01
-6.831962653505241345e-02
7.851514183920720313e-01
-2.521951535880414541e-01
7.866342926513725242e-01
-2.983435230459705600e-01
3.585138114623476202e-01
3.641793528168056626e-02
2.595760894112544293e-01
-1.610493005354528273e-01
6.124147718431435794e-04
5.307992617281355185e-01
2.000398672164983294e-01
-3.295254206084840543e-01
1.560392346115050954e-01
-3.265827558695236221e-01
-1.681860986789296408e-01
-4.786536142542461292e-01
-9.546582868622277562e-02
6.432532984951202515e-01
-5.610702697295066876e-01
-1.044410393465165787e-02
1.052665156677731750e-01
-4.286187442005191528e-01
-5.155380570898900894e-01
-2.898480029898042876e-01
4.596846629616452296e-01
6.930160980471741228e-01
-6.570575317035481921e-02
-4.218171269725576322e-01
8.645176226946379439e-01
5.450738753461517039e-01
-1.531465565974728660e-01
1.196637886651693156e-01
-1.761670603198063068e-01
4.880322835863751263e-01
4.574532211265049386e-01
4.777556069175762365e-01
6.895799668198182575e-01
-2.214309645362230183e-01
2.568528389682257496e-01
1.132659479474206615e-01
-2.032486773419096282e-01
-1.039924884806388672e+00
6.217019287875943379e-01
7.328780913968779842e-01
4.040957913925530831e-01
9.289236847030004629e-01
6.977274224365018762e-01
1.094758598617248779e+00
1.568187151669133139e-01
5.340136762921916525e-01
7.238967068517988546e-01
-1.743780966482709194e-01
-3.035645567311460319e-02
2.012473155300066943e-02
3.487147696200391667e-01
-8.301539310052763465e-02
-2.269148173727688345e-01
5.272435603533623949e-01
3.042318095392516075e-01
-3.154220226752558753e-01
3.470697728043448116e-01
6.215120393936057752e-01
8.312326179969212747e-01
9.939584052436294115e-02
2.688169504247570618e-01
-4.919892971862516173e-02
3.951103475018888367e-01
5.591520690584483866e-02
-6.280129613900039542e-01
-2.270271957789479766e-01
5.349706310382856822e-01
-2.496278780740183306e-02
1.093680499508179471e-01
1.751465674731999267e-01
3.127723416645262766e-01
3.560820323511781904e-02
5.702807774053996193e-01
7.278968818551169451e-02
3.527621039297763605e-01
1.460166952268522889e-01
-2.845300516906399957e-01
-1.642113908842344761e-01
2.684328754227952030e-01
9.900914689866141538e-02
