-5.348185548833857272e-02
-4.612634655303438080e-01
5.905039819071443707e-01
4.639346728161383160e-01
-5.120093161880509003e-01
-3.260689391992555586e-01
9.260387773321922256e-03
4.594510225095916334e-01
5.842427220943600119e-01
-9.531368659791898956e-01
1.646651262524145842e-01
-4.856826140603872632e-01
-1.077915294355485498e+00
-1.437260405382419615e+00
1.520065930305808610e+00
1.450106236520318115e+00
1.151459121251652729e+00
-9.652388253007053720e-01
1.203653499047848408e-01
-1.885700471431062120e-01
-7.887373500288694661e-01
3.487245574522945812e-02
-1.060889917412437683e-01
5.329201628581319294e-01
6.459161573598288797e-01
8.509529250956840984e-01
7.024548859607371298e-01
-2.733670026603074454e-01
3.236995019226214243e-01
-1.427681933075372056e-01
4.367069854563773168e-01
1.024047104643844852e-01
-1.190211151137820639e-01
2.528683312957332174e-01
1.286344589538600536e-01
-1.560491077562426721e-01
2.910783546595471782e-02
1.109647417763243160e-02
3.186599977461160305e-01
1.348200765417594676e-02
6.833960754656684400e-03
-9.617861501946090019e-02
-2.092896053554421099e-01
2.766601419341225276e-01
-1.198431661415495952e+00
-2.622422484985443281e-01
-4.775212366852585877e-01
8.320095321864133808e-01
-6.615537172794556664e-01
6.219739088908318170e-01
-2.242222681722759736e-01
6.437988610106026854e-01
-3.843857787534622483e-01
-2.888112897001804402e-02
2.967289642939560657e-02
1.590586642916899107e-01
-8.480924918034962179e-01
-3.002023447481220741e-01
-1.004920133947734273e-02
3.146525345427206855e-01
-4.276144428965078514e-01
2.884913367052346356e-01
-5.354913058629446887e-01
-8.553284770302920226e-01
-7.868393488829488192e-01
-1.402067057923403470e-01
-4.142495671994617101e-01
-6.329986670945099425e-02
1.979730732701356077e-01
2.561622615350097054e-01
7.320993299082742545e-02
-1.237126064394930974e-01
5.177056025439511489e-01
-1.436259876560136428e-02
-3.243991974756206265e-01
2.447449354600535476e-01
-3.222124034207938803e-01
1.465470564813655896e+00
-7.860926944114443593e-01
-1.776637560517825287e-01
7.276254936655315309e-01
1.793564477809426738e-01
-2.360745762906475420e-01
5.664739697439049593e-01
3.459142084826161145e-01
-1.736994935779937743e-01
-6.343665944282032010e-01
-7.168806357189889678e-01
-3.056822561404640703e-01
2.042669235701638220e-01
