-8.966012121150057634e-01
2.783970138686974849e+00
-1.082737316934994087e+00
2.463361216152555322e+00
-1.039452597885330398e+00
1.810707079878603132e+00
1.593589076468270749e+00
5.225379244235610621e-01
6.752163312413199392e-02
-2.695742802288103590e-01
1.507627987917665946e+00
1.271822834565652371e+00
8.835516673359390394e-01
2.166451383132232511e+00
5.324834219804082114e-01
-7.236369116351439867e-01
1.401250787150457144e+00
9.256216955525946588e-01
9.433647794777408890e-01
-1.191158619788532103e-01
4.386075853164690397e-01
-5.549170483232856999e-01
-4.025974135894963557e-01
2.345214466604446102e+00
-1.585710919562288712e-02
7.044550508341747008e-01
1.172761865576593898e+00
9.870315737831465430e-01
-5.997173498630343769e-01
8.668531568607760196e-01
-3.888240456308167392e-02
-8.207497573663679047e-01
-2.476906626672301659e+00
2.410760482382036773e+00
6.667276392864251999e-01
-1.335895522968198579e+00
-3.554099185781200987e-03
-3.390278629621342077e+00
-2.632439537893802139e+00
1.291618304574687848e+00
-9.700453731307513427e-01
-2.991859889696033004e-02
-4.062548633227059947e-01
-5.258269352826845378e-01
-4.691616751460611634e-01
-2.305341741695420943e+00
1.503894355129905547e-01
-5.450980007526271542e-01
-1.589211611895286813e+00
-1.889669981174044056e+00
-1.944701330098118852e+00
-2.573335523811068892e+00
9.343919174558508178e-01
4.714971268593355358e-01
-7.329091841517525463e-01
-8.990613327650254227e-01
-4.034670928290484682e-02
1.760117031326069892e+00
-8.854916265408326881e-01
-3.745654482451081790e-01
1.886769641970795108e+00
1.737073574266487341e+00
-1.429244400708139739e+00
6.561613552108802594e-01
2.176894543385912151e+00
-7.100469786525764881e-01
-9.380734439636213562e-01
-1.257715271547364733e+00
2.217967385428515348e-01
-1.929135223960475320e+00
-1.443012793707660002e+00
-1.040772523374837055e+00
1.235842521001799810e+00
4.373780810383609552e-02
1.592765587093703861e+00
1.054385068269504400e+00
6.130950661223817377e-01
-7.406391880136580230e-01
9.232035178972136658e-02
2.880123025703591466e+00
-4.449148074790900687e-01
2.079505144576366593e+00
-1.464566416869903298e+00
-7.892111592096778816e-02
3.774021174585852068e-01
2.907924047067477424e+00
3.570323434656216266e-01
-5.143389351129197262e-01
2.410315671088508971e+00
1.813810284384015370e-03
6.496076082608059910e-01
1.373954835151749210e+00
-1.230212588725991374e+00
-7.131060907208519595e-01
7.400258813644410294e-01
-8.817348204680179879e-01
1.083595869034373882e-01
-1.490975406316059848e+00
8.139621922780206908e-01
-1.425133852874235496e-01
1.358718392211533565e+00
1.194903975131044405e+00
-5.448001760055294351e-01
-3.181990501006930483e-01
2.755447184006251105e-01
-1.242473484624626590e-01
-3.073895356333055107e-01
-2.413673054058402379e+00
-9.664006156375065659e-01
-2.772997292872454445e-01
-1.288858540681959708e-01
-5.856620446404776636e-01
-1.192594400370598606e+00
1.890508661568194526e+00
-9.845793784411026595e-01
4.595852913085436975e-01
-2.810316701133302786e+00
-1.760837185333031574e+00
-7.748425681993765801e-01
-2.350150602270494105e+00
-1.163944141274980915e+00
-6.591546091734219459e-01
2.501723646099603293e+00
-2.285392944111527491e+00
-1.590503681322097407e+00
2.018992938580021601e+00
8.919475306717854490e-01
-1.526015668197871822e+00
1.241701031295316282e+00
2.001488809183211703e-01
9.464761000747174968e-01
-1.763758525742429306e-01
-3.765154522048124175e-01
-1.003695079272258983e+00
7.215276171317818177e-01
9.471883170210226854e-01
1.787270534564209035e+00
1.081288224796650432e+00
-9.588358658137029478e-01
-1.857770099515595463e-01
-2.102475707413562489e+00
-3.245762768168324319e-01
1.295354795599534592e+00
1.332709341819108717e+00
-4.330512479644571533e-02
-2.844083321055440594e-01
9.841268106451637188e-01
-4.664731818284374443e-01
5.080405917927403037e-01
1.036154483680396421e+00
5.194001732539711425e-01
-1.372941536869935808e+00
-2.002717677632745996e-01
8.497695075827523814e-01
-3.305841460874980875e-02
2.535649713512638792e-01
-1.235314131389442238e-01
-3.626507789632095191e-01
2.037987420635751334e+00
-1.845418507597356150e-01
-1.493562568749548625e+00
3.267638966366224196e-01
2.483165458536662484e+00
1.819887974520041141e+00
-4.464773150849158379e-01
-1.236682167184624426e+00
-1.445162901684739154e+00
-5.385090219183120697e-01
7.472476329911372783e-01
-1.067478291295650639e+00
1.723433203713750084e+00
6.319104344497741277e-01
1.254570934389102721e+00
-1.920612375923644310e-02
-6.751074391596549873e-01
-1.953868158862172688e+00
-7.043398384692373115e-01
2.021326605263845666e-02
1.906633516156556185e-01
-3.001792363814581588e-01
-1.483542988036595567e+00
3.340108506955714596e-01
2.598324986021936844e+00
8.631390736371905570e-01
1.629803990422390214e+00
3.443943726857791043e-01
1.048977337268739429e+00
-4.104088122368381164e-01
-7.065059135198206164e-01
2.879759158661175933e-01
1.911465206579383569e-01
9.032079398389759595e-01
1.169329804781156223e+00
-9.339328222847920191e-01
1.304132243362297050e-01
-3.734802108846329016e-01
-2.455629713561506389e+00
-2.522315971991700989e-01
1.161227556962931118e+00
-1.421546146117389053e+00
1.204308901699281620e+00
1.199689491565621768e+00
-2.017908414159991448e+00
2.014800984832207043e+00
2.870809856771391999e+00
-1.081845425585990172e+00
8.186363544627518751e-02
6.286129009345684526e-01
-4.359873133939092260e-01
9.391887010873565256e-01
2.228023577443214442e+00
-1.149324699332472388e+00
-6.523760891194256839e-01
4.807116266570582441e-01
6.485963202047537735e-01
-6.686911156691746072e-01
2.330022884815228235e+00
1.963303359383329783e+00
-2.445128484722803586e-01
-4.149213521068704780e-01
1.233241457527312068e-01
2.489605198653777052e-01
1.790496433713367974e+00
4.403795506124359993e-01
-7.803326631246663148e-01
1.571044687135717099e+00
1.022415317321385686e-01
-2.671703303455528200e+00
-1.269694708163618957e-01
2.702397008228728525e-01
-1.873071474944801862e-01
1.872660467333770562e+00
-3.088520917203885219e-02
-6.544550419508503580e-01
-1.247325802425661045e+00
-1.771070853705572823e+00
3.716566786528967548e-01
4.025956111567812190e-01
3.014243029736149104e+00
-3.458959154574874351e-01
4.648081915984378365e-01
-1.633997238333750435e+00
1.053491335832426046e+00
-9.381895813329959033e-01
7.805625671439795354e-01
-2.295009762858004621e+00
9.842501151233042089e-02
2.873682638930211697e-01
-1.718674775618010298e+00
-3.606739283798502393e-01
-1.877496487015949622e+00
-7.584545676557318261e-01
-1.474523932081039490e+00
-1.146913177171100529e-01
-9.435750074371943574e-01
3.457947689962151294e+00
1.019478809241905370e+00
-1.642370104716447177e+00
1.706145741437536723e+00
-4.322732191836681226e-01
3.805604438561246416e-01
-8.911460304161960000e-01
2.460570546983830376e+00
-4.929295242346992678e-02
2.269849066998430143e+00
-9.148959620266267079e-01
-2.725415509558363203e-01
2.638980979720085607e+00
8.041201735286345187e-01
2.324284705070003842e-01
2.638236233935247643e+00
3.553748005950271294e-01
1.309729937606093575e+00
-1.425608469233200504e+00
7.286194489055329848e-01
-7.148375134579053602e-01
-8.743180736704989631e-01
-4.053016435179737087e-01
-7.788619751868581798e-01
-1.876941660634885989e-01
-9.676862268711488024e-01
-6.198822915644194853e-02
4.437777928490407309e-01
2.177707628721557986e-01
-1.017155929428660066e+00
1.635262916827388002e+00
-1.127186343113921296e+00
-3.359009066322634629e-01
-9.137061231820936547e-01
-1.736487565385995024e+00
-3.892993343908501824e-01
3.658538165351760130e-01
1.521706717572784751e+00
3.126292351992737140e-01
8.931922863386208000e-01
8.779681727887417297e-01
1.242435185778637957e-01
5.411442171096747522e-02
-4.721803631733940687e-01
-1.966042358154374892e+00
1.216560635318630901e+00
-1.209549460565295664e-02
-1.136820146222521144e+00
7.934682442996665586e-01
-2.353692619962162724e-01
-1.606153908176371159e+00
5.096118482380230796e-01
7.093750851503461963e-01
4.553054792489841240e-02
-4.067240787922288270e-01
2.066952361427306650e-01
9.330137464772314537e-02
-3.900112260672639053e-01
-7.894227890228627809e-01
5.839545130710848131e-01
4.742655399209988465e-02
-1.160898806618435808e+00
-1.352707272534383887e-01
-1.309807293276943341e+00
-5.757663804909157745e-01
3.702383877041454663e-01
7.443095051567318876e-01
-3.503085509255017271e-01
1.057253530140765285e+00
-6.406040857639112573e-01
2.754707177847709465e-02
1.708085135963390178e+00
-1.352431863298492409e+00
8.554142707096243914e-01
-1.064482759940222678e+00
5.999959825131293001e-02
2.017545883130759776e+00
-1.289303160474516430e+00
-1.615224437274347391e+00
2.677586594342284965e-01
8.193677241531931443e-01
1.307630962632775784e+00
2.456721933102262945e+00
-1.233723989410648203e+00
6.576842374997875496e-01
2.896012739983650164e+00
-2.948749586264929334e+00
-9.172040913186736422e-01
5.315595434459750024e-01
1.668645738681320267e+00
9.894716883465142221e-01
-1.820497973805178527e+00
-1.754421549200191333e-01
-8.971165162536018922e-01
3.320546162092274378e-01
1.162856107828983410e+00
-9.383642870870935182e-01
-2.325382616344759124e-01
1.334484165203943196e+00
-6.570557927328113390e-01
1.805846901251510150e+00
4.617201714079917085e-01
5.207291019696305145e-01
5.660523543243201061e-01
-2.857116881935559682e-01
