2.837963355586213543e-02
-1.750673147606425228e-01
-1.770501454282461806e-01
2.988390055807421675e-03
2.660108116595277794e-01
5.484526143308036950e-02
3.088633679446071631e-02
-1.584856844188867186e-03
-3.444045838157037964e-02
-1.267106431810902378e-01
7.264175772005655451e-01
2.594062261232260580e-02
8.300886074009973525e-02
-8.363327616493256011e-02
6.812876627731557777e-01
-2.011541625333098937e-01
6.751462794394287315e-01
-3.516269884798359224e-02
-7.589521205939489534e-02
2.759835287769502044e-01
-5.279779222993657983e-02
1.840387002816162576e-01
1.096639271879999156e-01
5.155070040219594807e-02
-2.413197229200647886e-01
1.514586612520056608e-01
1.632705930523304094e-01
-6.328361486173195161e-02
6.089718310561081926e-02
-1.099721914828201697e-01
2.240711104991446878e-02
1.680958459050453657e-02
6.096866882509216490e-02
-7.453460498748058771e-02
-2.608521508617974716e-01
-2.053588680319819448e-01
-1.449323793150953110e-01
1.760834765188533380e-02
4.724329850703840733e-02
-8.807223331597539839e-02
2.006322025690505662e-01
8.586387628247066361e-02
2.231881761789192981e-02
-5.084567103235680952e-01
4.703988952623751052e-01
3.508004902885270004e-02
-9.310420947990760698e-02
1.562691312184429915e-01
-3.191563923541857473e-01
5.193629071956811227e-01
-1.086630740628420910e-01
-5.694669497711209172e-02
-9.867218167387248329e-02
2.122012639674201451e-01
2.107277307989227078e-01
1.476099310763566430e-02
5.344189107078496370e-01
4.186600295109917103e-02
8.926289913508875240e-02
-1.460970506559012283e-01
-2.549034730596843046e-01
-1.584521372304632525e-01
1.215960889908833248e-01
2.823586882632946327e-01
-2.614119215785979389e-01
-1.489689695536297598e-01
8.250203199822658817e-02
2.364044929124562433e-01
-7.937149173663729518e-02
1.504088178001646292e-01
-1.084346884742137807e-02
7.547075414245547620e-01
8.491873211990584591e-02
-8.037211031228530533e-02
1.420086887485103311e-01
7.367501655359273705e-02
6.322853759678924712e-01
-6.653412741032466160e-01
4.746788716891256477e-02
1.608386723536483209e-01
-2.151106493972273492e-01
1.963063301484713197e-04
-7.644928317098807768e-02
-1.903986180963271879e-01
7.695755443654102024e-01
-2.920272954785557706e-03
3.558019474131289828e-01
-2.961877141197068464e-01
7.510477634273225733e-02
-2.374767149531142874e-02
8.352346781448818924e-02
-4.737264972614141367e-01
2.862335690047690395e-02
-1.107552681019418200e-01
4.099078140397491299e-03
1.195927795626320483e-02
2.156737571233706408e-01
-4.933924205039665056e-02
-1.516173193773114880e-01
-2.219000654752185664e-01
-1.471121014408429684e-01
8.463871326880498258e-02
5.027974861395412276e-02
-1.046255295289029857e-01
-9.484935593284908595e-02
4.268777641665029432e-02
2.909959111518255204e-02
-3.664714102477767410e-01
-7.896972153456559285e-02
-1.769788259208192882e-01
-2.316239629569534497e-02
-2.374524460996188524e-01
-6.684428547674337029e-02
7.389636630421005103e-02
3.857399187633236276e-02
2.064640179115094787e-01
-1.241308232073210366e-01
2.121255291821693423e-01
8.388675965509978516e-02
-1.647243952324951022e-01
3.066333015435126694e-02
7.839399492699794525e-02
6.166653454537887602e-02
2.246049081963418514e-01
1.087628284581871746e-01
-2.870750144245901581e-01
1.522387517050788897e-01
8.309417837147685393e-02
-2.397558984100720547e-01
5.649181448347986856e-03
3.337921274842265973e-01
6.714571925423002963e-01
-7.730962005833563744e-03
1.896747359669140598e-01
-2.950312670850606112e-01
3.082045743476962210e-02
-3.122472873966896101e-01
1.817209308712914584e-01
7.130482216270896956e-01
8.438383456847774466e-01
2.631369295401453368e-02
-2.066254161568026326e-01
-1.592104679125463940e-02
1.132947852608700429e-02
-1.750657106997772772e-01
-1.972613203070633925e-01
2.818091180867122736e-01
-7.753534942342855674e-01
-1.984552399079037022e-02
-5.303631889641884090e-02
-1.508688071473412995e-01
1.462436350909718796e-01
2.430935166576640716e-02
6.370663979697281654e-02
2.599305489445096762e-01
-5.611858242899114835e-02
-8.248729793128391219e-02
-4.696178671582215691e-03
6.174208032521878442e-01
1.113272325875424851e-01
2.459744036138120094e-03
3.424919472248262597e-02
-2.359034822710067147e-01
6.773810267758202663e-02
-2.678841500138696707e-01
-2.572465717358236592e-01
-1.472924732561992356e-01
-8.697369108594900367e-02
-7.909664511025742140e-02
3.941400432735713694e-02
3.655266045388898544e-01
1.481350611887631286e-01
-3.662033107400528009e-02
-2.113711778800320129e-01
-3.603990507645288832e-01
-9.876624961593141738e-02
1.563598897729823467e-01
3.959693199395120100e-02
1.346749681033350410e-01
8.515344105053643253e-02
