-6.482684885721545776e-01
5.682306162257158011e-01
-2.374401773088907763e-01
-9.638399101219663478e-01
-3.457732971132371214e-02
3.483542119879062815e-01
8.680038058628145592e-01
-3.582970387234600262e-01
-2.991233012972038252e-01
7.351872550590597966e-01
1.088335308442964777e+00
7.847704761887638325e-01
6.431153476099039645e-01
5.179532929764325555e-01
-2.583029239862432713e-01
-9.428877020243722207e-01
-5.904688610916273284e-01
1.086436542459742860e+00
5.058303556989489635e-01
8.692001606367938393e-02
-1.550101997273216903e-01
2.526449244616976730e-01
3.640835099344120751e-01
-4.847272881656552457e-01
1.198429524306869887e-01
-9.874786494242575319e-02
2.409085552241729822e-02
2.261970235083912151e-01
3.594345591632987502e-01
6.814630215191748164e-01
7.825162040345465808e-01
-2.750740526876855885e-01
3.087569933874835804e-01
8.438689273386057454e-01
9.437723142072594884e-01
1.397443604933304995e-01
-3.187592320838266158e-01
1.975874132072922840e-01
-3.399005596409213625e-01
2.096522882145036015e-01
-2.708733452535603270e-01
3.049743575989022903e-01
2.230613629469692660e-01
2.970711195401344318e-01
-2.459658734610922493e-01
1.576401345077893090e+00
5.306647840159699481e-01
2.488427082529664491e-01
7.684232488102186176e-01
1.489683110738158067e-01
5.857295658374863656e-01
2.091094516626864352e-01
1.147923244215447447e+00
1.495030424593790430e+00
