-1.280146320012502392e-01
8.703848964273563915e-02
5.173872451098869563e-02
1.680181546866482689e-02
7.175474199339644532e-02
-9.141175284935361411e-02
-2.294818775562486660e-02
1.810088961552673570e-02
-1.385997429915258039e-01
5.840860196241284275e-01
1.136598925764880919e-01
5.840984440742709172e-01
-1.260760500447598020e-01
-9.946757826298058269e-02
2.793291562544898340e-02
-5.277784550672882657e-01
-2.253359900825799289e-03
5.225722581248928300e-01
-3.850343411814423702e-03
6.014237842332606498e-02
1.946209133586377163e-02
8.307864401194826887e-02
1.133748420468097262e-01
6.699733844821414985e-02
1.116505979185664910e-01
-7.653476616364671137e-02
3.223629308612175302e-03
9.083284680616260376e-02
4.417538916605943944e-02
8.864249373751607181e-03
-6.365253863315430832e-03
-8.671741920789567681e-02
-1.020076320094664285e-01
1.336645956188232676e-01
-3.784596366279600194e-02
4.099485253555718023e-04
-1.445796616900710263e-03
-9.651617558705549715e-02
-5.870991217603010320e-02
-4.915539549009011189e-02
-6.492219113714098322e-02
5.129285769313743359e-02
-8.552550331980768306e-02
-1.401025320643634053e-01
-1.094450244086636083e-02
6.201731317168113211e-02
2.634868261034188641e-02
-9.926766833391977018e-03
1.140942614556299389e-01
-1.173199623553181081e-01
-5.917185403462318222e-02
-9.975236614377176042e-03
2.924833635114185149e-03
-1.249844762619755217e-01
-1.684528352566316556e-01
-7.600004086866020414e-02
5.310753912522314657e-01
-2.851406354098875995e-03
1.724610450336387310e-02
-5.706196702212326666e-03
1.123991079985371677e-01
1.163432457246396101e-01
-1.772965293519255386e-02
-5.512007213258600657e-01
5.520152547244516761e-01
-4.375023159997105948e-02
8.334621532925082232e-02
5.118881224630752458e-01
-1.728386212905562436e-02
1.954891898451438514e-02
5.728478401726414537e-01
5.815810291337204507e-01
8.797265487593972089e-02
-6.027213858314261347e-02
5.752262617745007578e-01
-2.858705365404055204e-02
1.555384781423568841e-01
5.788311410463136131e-01
5.108160450064462843e-01
7.494992274823394918e-02
-5.824666720170329492e-01
-5.212325303734039600e-02
3.501030735520386378e-02
-1.595124067675562363e-01
5.248868353533304720e-01
-1.917997969098140382e-02
-5.763812217450913211e-01
1.060850182221972915e-01
-5.085963686668643763e-02
-4.932272029170473027e-03
-2.352646039635855058e-01
4.056033731889319149e-02
1.585368803123131110e-01
-5.524753350325070644e-02
-3.679677495460281778e-02
1.958365212872102343e-02
1.867361903138801127e-01
-2.576453236288714921e-01
7.111129460628994037e-03
-2.955807918507967133e-02
-1.337816583034721618e-01
5.054777145064577593e-02
1.891927369870458897e-01
3.548434639343212016e-02
-5.014474605195400059e-02
-7.286527484206603567e-02
1.523124999558657655e-01
-5.837168608032157480e-02
-3.888712409863749608e-02
5.194479844668668106e-02
-1.133938102062332365e-01
1.968752823248813566e-02
2.018006861761597118e-02
-3.179553234006572693e-02
1.443350997981678874e-01
5.385232838469272698e-01
5.226960305668676421e-01
-3.266358978757268050e-02
-1.795414908398874909e-01
3.560348113490831301e-02
-1.146293722982055924e-01
-1.980967063461419042e-01
5.951738340243998282e-01
2.154619834495188208e-02
-5.209059078692607203e-01
4.062397748689584864e-02
5.519250539735728878e-02
5.123099436865416120e-03
1.278003461775065186e-01
2.822529386122103745e-02
-1.722435536951805457e-01
-2.261580041703806915e-02
1.471518214518816384e-02
3.399827105806420280e-03
5.451576605968319056e-01
5.562633144340664026e-01
5.675138026678853143e-01
1.833763722499510973e-02
5.314567263294970312e-01
-3.808755504026080374e-02
-3.017211667216974924e-02
-5.723933874309752867e-02
5.271595617084630370e-02
-2.522066904786732927e-02
1.897741178947132817e-04
2.909596649459995910e-02
1.026549307807462091e-01
1.783447269808353386e-01
-1.726264880446432004e-02
-9.379241932330301471e-03
8.232211478393976212e-02
-2.503748626239970555e-03
-6.919550545503577732e-02
1.454232557263622216e-01
5.608409487121438636e-02
3.131803610712203742e-03
-2.323740257788899366e-01
3.852695310955399355e-02
-6.813693802014654521e-02
1.393022463818417434e-01
5.927020361896934153e-03
-8.512188140117427082e-02
1.407156630087936025e-02
-4.233060948134514945e-02
1.409801853218202450e-02
4.093948035475127034e-02
6.176360364575550488e-02
8.851748761554061040e-02
2.020343469096951700e-02
-1.220556768637896805e-02
1.788689643207795610e-02
1.072203345244809609e-03
-1.034304120131088051e-01
3.951208639268444928e-02
-1.010800411964851708e-01
-1.862423995869102317e-02
4.633296175477120971e-02
-1.107085858918484614e-02
-7.677145734469875693e-02
1.145654701904282036e-01
3.015168332352782810e-03
-6.483508267816789905e-01
-1.326636036904682570e-01
4.246888253873975366e-02
1.344938575933128655e-01
-9.144594338351753893e-02
-6.116605432705127243e-02
5.418334616169581119e-01
-1.130946462728078944e-01
4.882277917016965285e-02
4.595098624760293043e-02
5.735241390799921124e-01
5.842052719422288209e-01
-5.172497545407187675e-02
5.552304158508220011e-01
-3.492586254104371180e-02
-7.864804746567664873e-02
-3.510679820400981754e-02
1.771120101370582053e-02
1.042699868919338552e-01
5.138786025748758729e-02
-5.100899221173506998e-02
-2.080574384759289186e-01
7.402989248994611138e-02
-2.015739906483350607e-02
6.305295560080756423e-02
2.997222650786839082e-02
1.543173559174456089e-01
3.454605755543437018e-02
-2.832611890713863240e-02
1.551651778493844287e-02
4.907513172671171264e-03
9.338277375898902666e-02
1.353041448317169049e-01
-1.177938243668364901e-02
9.792947956173075896e-02
2.092199179901547967e-02
-1.179723038310663275e-01
5.040805979067474185e-01
-2.832867094344731010e-02
2.233166631552166437e-03
-1.839489513908441343e-01
5.421360329395004118e-01
-5.452696506053560377e-01
5.742734967447080674e-01
1.180286014800678157e-01
-3.319380727850318458e-02
6.996055167170145417e-02
-3.604792073276058550e-02
5.314715273640556459e-02
-8.334230945743772989e-03
-5.574804062819865846e-01
1.778854390915197148e-01
-1.425313537240079087e-01
6.417249535130567506e-02
-7.016771000076783837e-03
8.428071403046308308e-02
5.395125554285186420e-02
1.702085846919676113e-02
-1.031688891067418512e-01
-1.040181952090366291e-01
2.589272483270368269e-02
-4.829449938902659334e-02
-2.616067257479544328e-02
2.505549479166889471e-03
-1.633158391186150804e-01
2.401735748209862797e-02
-1.333593005750725036e-01
8.702999650038788226e-02
8.178060454036101268e-02
7.861467461373843058e-02
4.010001395064088231e-02
1.271474401989084457e-01
4.232350530739825700e-02
5.694823275525204287e-02
-2.142953889772552523e-01
-3.177031997714021422e-02
4.906263831948051712e-02
-2.036826734758219459e-02
1.139959633492290403e-01
-5.563901233494000786e-01
9.839615180287535068e-02
4.706216758781946174e-02
4.649521855193324005e-02
1.020144054719515636e-02
2.578382541946649259e-02
5.723836441451823909e-01
1.463211251744409302e-01
5.261749964922610712e-01
7.533747966698495224e-02
-1.140297799147515223e-01
3.978292976654802804e-02
-5.818705926662025296e-04
9.678615018024686045e-02
1.801523465604194796e-01
-2.871318287367470579e-02
-6.151725840400740219e-02
-7.513704258194160712e-02
6.166264508310460857e-02
-5.754184549028976137e-02
-5.371271119269727112e-02
-4.273193411021622423e-02
-1.117709051553691935e-01
5.218382982396470304e-03
6.149750914356520021e-02
-1.035642497488758161e-02
3.567298714371282958e-02
3.805233494636808822e-02
1.145041413997202467e-01
3.093351272768116861e-02
-3.697256098263686924e-02
6.268764889196574985e-02
-4.199578632125496730e-02
6.769501668575286096e-03
4.909050092738915377e-02
-9.219627642789983771e-03
-8.049817439553878448e-03
-3.887106223222927537e-02
4.545358162284338782e-02
-1.259073977145925768e-02
-7.520350713139099808e-02
1.788436469800794640e-03
-1.112359836435254934e-01
2.332931260876242585e-01
-3.001536798094081235e-02
1.773958397539988907e-02
-2.911596737267677093e-02
-7.596438225120384635e-02
-1.397728583659311741e-01
2.906256030792962394e-02
2.209961182148912906e-01
-1.892540923707163592e-01
7.396726555047486440e-02
9.355206417238355610e-02
-3.528159762314625469e-02
1.902304832831800113e-03
5.966940140584332808e-02
-2.542968707194245281e-01
3.509769558730031769e-02
8.014471842611559094e-02
9.500364391701082711e-02
-3.575359207137362993e-02
2.376897541469632502e-01
9.453467479891720926e-02
6.539216781192951078e-04
-4.718589641574824634e-02
-9.627908609884752722e-02
-1.652194925981040341e-01
1.298818663192424228e-01
-3.662738306080461775e-02
-2.098211658784610717e-02
-1.802288878336169922e-02
-9.410997061184593615e-02
1.500736867076602199e-01
-1.622944751400876018e-02
-2.929477769511450863e-02
-7.562481056179494454e-02
7.816707170984177333e-02
-9.141151971802077836e-02
-8.318080212861819756e-02
-7.483106348399456986e-02
1.325272052799924827e-01
-1.764935001443106166e-01
-1.104945104057961647e-01
1.166943853319746677e-01
-9.575894978389595802e-02
-3.322189389585662039e-02
7.342281732657865434e-02
-1.893564736821810313e-01
1.501301383451722204e-01
-4.360974315647879462e-02
-6.121360740349530982e-03
5.367180590941207363e-01
1.233315611442192400e-01
5.507898894449968497e-01
-8.386923704478187191e-02
5.230862954128130404e-01
-1.567932679321365486e-01
5.641845945558395803e-01
5.808818733786097477e-01
