-2.060202507671648475e-01
7.135213205751083088e-01
-8.866360496365475186e-01
-2.906400756053462708e-01
-2.074412456074134492e-02
1.532423813381048050e-02
-2.540918296666964671e-01
5.340716335989298402e-02
7.541605312203192302e-02
1.230226473926248953e+00
6.834234673998335063e-01
9.791581979375125755e-01
4.119216799294688758e-01
7.554244942721761724e-01
-3.870382967591698975e-01
-2.016751060988617450e-01
-9.485745481076500729e-01
1.428176680961498413e+00
-5.920416439030252304e-02
-1.361539279082791543e-01
-7.558526506606126905e-01
4.603188348568884591e-02
1.104798460458840781e+00
-7.779855160573905248e-01
1.420694505823023590e-01
2.927116868668593330e-01
-4.318998969633994212e-02
3.768426460174661985e-01
-1.294868388444585516e-01
3.718122407966254483e-01
1.606371485435736934e-02
7.078962860656894396e-01
1.682109034833382255e-01
3.429649838953400254e-01
3.072503457224071144e-01
5.093768679511084807e-01
1.309910817217593559e-01
4.150011885936094602e-01
-4.604696320062255377e-01
1.798814672143894400e-01
9.002922924151696149e-02
-6.235898718726786694e-01
-4.779388784213011721e-01
-1.172952126381605620e-01
-5.343301510430623069e-02
4.126107278931318012e-01
-7.994857902252472392e-02
3.457384881855030123e-02
-4.297795178699942431e-02
4.743427668167448097e-01
1.115241361336661158e-01
-8.342167010554117634e-03
-6.546641900669387670e-01
3.127667402105256955e-01
-4.364202090274214574e-01
-5.721420351540675853e-01
3.701672265920314397e-01
-3.388088957402669021e-01
-5.108791839897340870e-01
7.682212313620854216e-01
3.737717911874639531e-01
3.337452460035237323e-01
4.877867149003851654e-01
5.329372710052908690e-01
8.308579080003318795e-01
1.242221663505244794e-01
-3.405690409786682471e-02
-2.977682902432715606e-02
-6.007671135712446681e-02
8.166787382449847144e-01
5.696297480383105682e-02
3.784791625345673705e-02
-3.705267739094164625e-02
3.225209819491245966e-01
9.636399336571844776e-01
-9.584088319410363765e-02
-7.989924195114175842e-02
1.093567919239525121e+00
9.950773827833981899e-01
-9.404247132064494363e-02
9.479318169514161507e-01
-2.084498617080264293e-01
3.662519345894204442e-02
-3.066456322198122808e-01
1.008428818499133905e+00
1.356090939870510326e+00
-1.066642817584303682e+00
3.555937418232364977e-01
-3.515584931783056755e-01
3.308746850150552365e-01
3.171460680670582649e-02
3.919416635791624082e-02
-7.761611330891169391e-01
-1.735469230616735747e-01
4.068054381012699561e-01
-1.635107317173091490e-02
1.335055568762852640e-01
1.210694874420615158e-01
-3.283803840995069834e-02
-5.910317519449275192e-01
3.543548735357551771e-01
-4.007184525935904990e-02
7.306224649914094815e-01
-2.064713369048241098e-01
2.324871105756750878e-01
2.368143678786229223e-01
8.983173753740473222e-01
4.574921359090124984e-01
8.351963153115915528e-02
-2.642735043668313633e-02
-2.812981861696448593e-01
2.859721247053321758e-01
-4.243293011810742033e-03
-8.427541300552113257e-02
-3.142878311980612516e-02
2.267950298542129872e-01
-3.306797142181064908e-01
-2.533735026747554464e-01
7.031817356074920866e-01
3.415433435333753431e-01
6.917429195316322499e-01
-1.678466904295170536e-01
9.641009013642334313e-01
-2.486754077375333272e-01
1.282361204944246991e+00
7.119181323692865826e-01
2.540649636237779507e-01
8.075454210675754307e-01
-7.295981688984516378e-01
1.394198342908474497e-02
-1.012883489159226658e+00
-6.252642408581500222e-01
1.565776113481565091e-02
-1.680535510465430149e-01
9.785244706082896204e-01
7.153569601565349378e-01
6.147439234437435118e-01
-9.184161390612702314e-02
6.909238585963011214e-01
1.525543776679375130e+00
-1.320475238954038621e-01
6.138298563402583286e-01
-5.789179190956974530e-01
4.029179776393310153e-01
7.221052442332218102e-02
6.933469161702838779e-01
-8.765383548931887647e-03
9.174079936199304175e-01
6.468603929569506639e-02
-1.696652493639245751e-01
6.701593269549253051e-01
6.865430558823403251e-01
-3.044130355442072888e-01
4.145080572563971666e-01
4.197068237239909294e-02
-1.102532128405661949e+00
-1.138342075958831412e+00
5.735794084346625965e-01
-6.979796655000088945e-01
-1.593780502415440281e-01
-4.131587038927192479e-01
-2.649456384312907642e-01
2.883819143085203374e-02
-4.594380559925045904e-01
2.610060284380570361e-01
-1.605599318268765563e-01
-1.811501238844918649e-01
2.712100204704387396e-01
1.436824293601542679e-01
5.699365595461296508e-01
-7.288259722799904639e-01
-3.002104337017744151e-01
4.824457520990392823e-01
7.246411879686773250e-02
-3.486391152038720853e-01
-1.880246799692919524e-01
9.709308773298254147e-01
5.213044395019856836e-01
-4.694959126448933207e-01
6.404115307583626571e-01
4.378514394085966099e-01
4.794122139868884358e-01
-5.833530371627877464e-01
-9.497287122959585659e-02
1.493105000526160075e-01
2.955802692717193758e-01
-6.719000035015925132e-01
1.489459172310432233e-01
3.849517379838069964e-01
-5.606044493425225983e-02
-2.819614608818067358e-01
-9.943815539573884477e-02
-1.754408937599649942e-01
-5.622204297345622104e-01
1.459171167797128910e-01
-1.937737348218526723e-02
5.340126993623074414e-01
-3.267032573395219908e-01
1.642915876741356973e+00
2.417606633212103229e-01
5.671050976121916332e-02
-3.727806834536329106e-03
4.731258519070319357e-01
2.131446693640666745e-01
2.535977403502744365e-01
-5.421961644685499015e-01
-6.507093360907307833e-01
1.236473563433861528e-01
-1.801005720565434232e-01
-2.214008951884086918e-01
-2.593454414059425117e-01
-1.787241836450079724e-01
-2.821916775796566301e-01
-1.613472346977125049e-01
9.482208816333669299e-01
-1.758713531023311516e-01
2.120677934643502016e-01
4.410509100905389834e-01
-1.599760761099908724e-01
1.112505122926223111e-01
-7.287613885536659009e-02
-9.709219720297631584e-01
9.751537444222566631e-01
9.747449269804120409e-01
1.058953118801361892e+00
-2.805344145476685314e-01
4.357446361539281110e-01
-5.465664849279255888e-01
-7.723221578988893887e-02
5.663037409566432645e-01
2.784427355315128860e-01
2.330414753288012064e-01
-8.474849899933027952e-01
3.861381796442418801e-02
-6.905868686282108371e-01
-5.097154497029572351e-01
-4.263844021644556115e-01
-3.211935068814521232e-02
-1.042379931706201718e-01
1.487555006368412869e-02
4.602317189084401822e-02
-9.556030232438922356e-03
7.260445835037363516e-01
6.588521410383484378e-01
-9.704569268016666195e-02
-1.335450861643718568e-01
5.550023645970652009e-01
3.586889887834895929e-01
4.336665037346699725e-01
-5.072006445894254867e-01
-1.585353521132200072e-01
-1.066081304813460834e-01
-1.864833207762300882e-01
8.631465962501583267e-01
1.388941768145680877e-01
7.989795938069255143e-01
7.778108205591445223e-01
1.093737330564850785e+00
1.746423022739752307e-01
6.399752904237285267e-02
-4.420923730915092831e-01
-4.360445977549971541e-01
1.077787657708108304e-02
-3.665583614361085374e-01
3.385096489412237064e-02
-1.474275758630501088e-01
5.237298091174474868e-01
5.766945752327462538e-01
-7.296195361365134247e-01
4.116275953044626346e-02
5.771373708650007206e-02
-1.282689939656331823e-01
4.263636816022652043e-02
-5.521192664815002121e-02
2.035548469436948837e-01
-3.107220528563262030e-02
1.467433189513684955e-01
-8.939025544004433610e-02
8.856619084054895286e-01
1.046263094698754337e+00
1.129682625673779750e+00
4.129495158003093636e-01
8.289102538677676213e-01
1.685376894751330901e-03
8.217804282692666717e-01
-7.875343219591903754e-01
9.953827227532925370e-01
8.405903167386610253e-01
1.165687031331703316e-01
-2.368681573298788978e-01
-1.636538366710264647e+00
-1.773611344174076954e-01
-7.766497804278227335e-01
-1.292163982476224673e-02
1.112207217561749895e+00
-3.936758249241071317e-01
3.392217615131715158e-01
3.116174519877484839e-02
3.507894795223917006e-01
1.919222089277224930e-01
3.739035268801366163e-02
2.383356249926400494e-01
6.226910381985620857e-01
7.577807720899434885e-02
-2.249127231185730491e-01
-9.926525015168540245e-01
5.621293694816381636e-02
-9.337385721673118200e-01
1.040026623008087903e-01
1.304056426618325493e-01
1.144939682920819601e+00
-1.970959515587819011e-01
-1.179364620878312758e-02
-6.179619242989975447e-01
-1.472620133951896282e-01
-5.272078351242737160e-01
4.943352081024754430e-01
5.242385819423465154e-01
4.215495256096890020e-01
-9.506535266400226170e-02
7.893143327025248235e-01
-6.560004192469084394e-01
1.256182384932845730e-01
-4.880704698072183545e-01
2.461365621078763222e-01
4.852863812746603944e-01
1.012858024685388880e+00
1.224840876113994503e-01
-1.482564352160057886e-01
-5.876039556718669343e-02
-8.971669935043019573e-01
5.399967411761446012e-01
-8.235658485481158753e-01
-1.722728632273101967e-01
7.077270397679968905e-01
1.206884230101929190e-01
7.191675683526985718e-01
1.725904212251177516e-01
6.247205935216000317e-01
-9.794635946475882537e-01
-1.126209237877243141e-02
8.254025773910884656e-01
-7.365245505214952360e-01
-8.608768663815362654e-01
1.123590481315430267e+00
7.853524383114017515e-02
1.928026499618005485e-01
1.163124427233412916e-01
2.864756965242076792e-01
-8.126832891564603756e-01
2.065463738732720850e-02
5.570213847903342508e-01
-4.661331110556715673e-01
-8.754967102756795461e-01
-3.256046170744884560e-01
-1.060910398135820776e+00
8.810915905186964547e-01
-7.484637437067698240e-02
-3.632485954340589074e-02
-1.143796751398934025e-01
-3.126784260193868348e-01
-2.878951927248628029e-01
-2.273806014649706331e-01
-6.477733664386209345e-01
-5.157425481579387405e-01
-4.740176752144022454e-01
-2.928769459919233209e-01
4.117222344838535331e-01
3.356427698656528347e-01
5.757067527678049190e-01
-1.574807350420490026e+00
5.191955039258641103e-01
-7.720174328670179054e-02
5.284253699682055494e-01
3.726884756330601234e-01
-4.988250919651512350e-01
-2.124322465949449179e-01
-5.771117400100150840e-01
6.647459923677296878e-01
3.018230056244334825e-01
-2.197653466089053431e-01
-1.012285854520557082e+00
2.443025141868847283e-01
-4.024372442761233182e-01
6.066877156279588679e-01
-4.318069881514201569e-01
-6.333577347761314424e-01
-1.146370611686816088e-01
-3.017332560996907609e-01
-1.974875797167720548e-01
1.068019878260330902e-01
2.099578168243209086e-01
4.118106407070085129e-01
5.743965254367018325e-01
-8.755948311178990418e-02
8.542610829636440029e-01
-1.428417562595225343e+00
1.060041184034576645e-01
2.813853572012375848e-01
-7.399721605905298372e-01
-3.171901367888625423e-01
-1.734752063000640221e-01
2.028233557573333457e-01
1.769715615695364175e-01
-4.768610430211874807e-01
3.437658735875441796e-01
-1.106920045382955436e-01
4.022058477746055516e-01
8.680225320105120490e-01
9.652380068099719601e-02
-3.959466768593850605e-01
1.913393129540550963e-01
-1.386043034583012978e-01
-7.354538822851850455e-01
9.913765390005684353e-01
-1.700152357111264778e-01
8.159472576192755566e-01
1.093375024833441872e-01
3.032457111434461172e-01
4.121586739460410542e-01
-2.074574893681910837e-01
-2.145910638231525447e-01
2.575030157214300286e-02
6.293879769135690694e-01
1.633043576938184027e-01
-2.006466210880852308e-01
4.773159247459548560e-01
9.676037429937993650e-01
6.561341237177272800e-01
9.056483849133307729e-01
3.530317961846781150e-01
-2.470617328797401757e-01
-2.082798102758841863e-01
-5.183225095276183803e-01
-6.819259543829280235e-01
1.063868477185890615e+00
9.373718872749406406e-02
-8.061276410332450792e-01
-7.734935613952053091e-01
4.101739394060413546e-02
4.506425885807248122e-01
-2.991872441856009424e-01
2.592319419950561699e-01
-4.624956484119218669e-01
1.928476556555694943e-01
1.213034674174741090e-01
3.636167397323248895e-01
-2.018843142850484385e-01
-2.588258467679793728e-01
-5.953665666157301750e-01
-1.128300906872583415e-01
9.216247158369476056e-01
-5.391685953009985877e-01
-1.695085898502645405e-01
-7.560102689620928906e-02
-3.860036978025838672e-01
6.131306111865668651e-01
-2.186574968712198808e-01
-8.031360012265538473e-02
-1.165500472353119821e-01
5.287889370599239136e-01
1.314433116528704315e-01
2.241358417244821988e-01
2.017574023687131179e-01
6.477825705500102060e-01
1.242620844607547514e+00
-1.488528317616850394e-01
1.263063133029243446e+00
-1.301582609518274092e+00
-5.262684980741793028e-01
6.881840328409412344e-02
-5.934330016711082401e-01
8.213935720955038711e-02
-1.868934679488817030e-01
-2.807398103531875133e-01
7.105176835396560531e-01
3.959706536526186316e-01
1.051266077754806849e+00
-3.289885937694762008e-01
1.076159314424081304e+00
-4.702111338275392904e-02
1.079129996447885931e-01
-1.243982114594079258e+00
-5.153524885932523475e-02
-9.459249256118807958e-01
5.976101243906428717e-01
-8.845813142721492550e-01
1.090672731915992344e+00
-2.209719617456198937e-01
3.155791719817643837e-02
9.234582354848500096e-02
2.523043774545521423e-01
-5.233875123279023711e-01
-9.155153911389719845e-02
-4.346920554147225557e-01
7.174704401656305519e-01
-6.639010945534412622e-02
-3.748178919909086471e-01
-1.635789573108352712e+00
-2.844012550392366334e-02
-1.600559925424529517e-01
2.492534400876132983e-01
6.006449362035155559e-01
-3.987519935019172013e-01
7.523371378850620683e-01
1.448678683458019256e-01
-9.739042995770681443e-01
-8.614245571498726495e-01
7.966304801343101483e-01
1.267641231409133984e-01
-1.753738354725583037e-01
1.066375951400403976e-01
5.935915274508629658e-02
-3.446505429037030055e-01
5.531430651372790663e-01
-2.837758665882788578e-01
-1.177176223791994047e+00
1.130387038083640328e-01
3.070580510794624143e-02
1.083909594237733309e-01
-9.391916171972757299e-01
-4.742269771048451821e-01
-8.251400972300798609e-02
1.596981332001816134e-01
7.492184235837147099e-01
6.046601467578707201e-01
-2.275965329671559845e-01
-9.316478130333442909e-02
6.748725346600238373e-01
-4.357744419671607528e-01
-3.782209646162016381e-01
9.008287406496362504e-02
-1.040553560562632596e+00
-7.268065672743018180e-02
-4.024005134743377510e-02
-1.591231982062294159e-01
6.462191597151633049e-01
3.302223736451612712e-01
-4.960081465714463178e-01
7.003446648919029460e-01
