-1.195016330900640078e-01
2.792605409278162698e-01
1.024010022172540946e-01
-2.033378722956408202e-02
3.580293216950693191e-02
-1.159613275680842492e-01
-2.753399334725853964e-01
3.160830006790029678e-01
-2.448374227713344051e-02
-2.271110428786516922e-01
8.030572509128809378e-01
-3.375058530844784327e-02
5.945250109774687930e-01
3.214933939542109487e-01
9.882957641420232475e-01
-2.474379685976779986e-01
8.751417954276582423e-01
-1.450711104107979543e-01
-6.544824764997159150e-01
-8.130477112795146954e-01
-3.672072200226239036e-01
5.537875833807961445e-01
2.747086886183259802e-01
-2.143838534920380068e-01
-1.255876134837609626e-01
-7.544318471992195185e-02
6.305847002699846438e-02
3.585354081708420626e-01
-6.709932691502389079e-02
4.618585244909074738e-01
3.848772291225432962e-03
2.204225265567540393e-01
-2.763448813197742493e-01
7.284105650082108863e-01
-3.508979096193347302e-02
-3.222817994490155269e-01
-3.269004555050480376e-01
-4.857439649065148357e-02
-4.408118959647066570e-01
1.030886100677622930e-01
4.259918783277034104e-01
-1.289805524725838315e-01
-5.680984017170322142e-02
8.048763649939238984e-02
7.293825674974774298e-01
1.965311565834039209e-01
-1.313209243441967877e-01
-3.904869500160539075e-02
1.131772081589929591e-02
1.969264467661825668e-01
4.098344863470861910e-01
1.894804409466306072e-01
-9.593139940184292058e-03
-8.373610928219184235e-02
-9.599998162719250439e-02
-4.821022321080462025e-02
-3.648627628175215021e-01
4.353388440044593799e-01
-3.051435535951066425e-01
1.378202577690898767e-01
1.681780093159485068e-01
-3.763444782552680112e-01
4.471912025030851806e-02
-4.027411483201386311e-01
5.729130702699743172e-02
-2.759092681133893388e-01
-6.976741985102377641e-02
-2.960081974531287435e-02
1.675629674695519600e-01
-1.701259460104075916e-01
-2.208144993597597472e-01
-6.518829384544197469e-02
-5.403412431480971723e-01
-2.185318304054843508e-01
-1.041828080162848780e-02
7.178119663278667018e-01
1.093420638094413921e-01
-1.021787275731006750e-01
-1.638801575025783108e-01
-2.354642712039467511e-01
1.416817586952280328e-01
6.744196532914342734e-02
-1.175136392388728968e-01
6.466570122492520944e-02
3.548962741085949779e-01
5.898176223018272019e-02
6.833803736237270554e-02
5.442967891114307566e-01
2.791714238401384329e-01
1.430879719799840188e-01
3.826189797169328166e-01
1.295145973822310614e-01
3.047212368138846883e-01
5.397414345441451378e-01
2.272700096652549850e-01
1.227542602783002340e-01
2.200756981403312329e-02
9.844613829266833649e-02
-4.945885438897669184e-01
-2.427210012544175066e-01
-4.143357755445627871e-02
4.468319574223898749e-02
2.130192080819751088e-02
-3.748758436366838032e-01
5.316444800008881533e-01
-3.362870448291029046e-02
2.560235186138899999e-01
1.866904075410406871e-02
2.532903448595919538e-01
6.130012577643892402e-02
-1.642096084416347634e-01
-2.467672152131467067e-01
-1.757839634705994358e-01
-4.427108212731944992e-01
-5.175699854616093720e-01
-1.080494273023402396e-01
2.459052551148984134e-01
1.698681412001943059e-01
4.136149816064245421e-02
3.114564143210059310e-02
1.219593111370238375e-01
-1.538194142831709188e-01
1.780637605278278246e-01
3.160622115456375447e-02
5.227679552322152257e-02
-6.461654362282588659e-02
3.708789449902755164e-02
6.233706855923747403e-01
-3.770560656678817457e-01
-1.024504196929933997e-01
-1.212673267420801559e-01
3.234168953373989797e-01
3.445136903291888819e-01
9.361878621801257572e-02
-4.923182099291109060e-01
4.002178431249512891e-01
-3.675831878871892444e-01
5.097588253967905159e-02
-5.840036553202527791e-01
9.585382752714519117e-02
-2.712070629264122512e-02
3.987315178652964254e-02
3.448433252774172342e-01
-3.682174076792384954e-01
-8.737643581212201083e-02
4.103650026692746977e-02
1.324399262777148922e-01
-2.001557187602477639e-02
-8.226627490560646516e-02
2.232264479759375475e-01
-1.792370437558432616e-02
1.633428511205583245e-01
-9.740622171814311558e-02
-5.309052027786925754e-02
-6.376609664451509119e-01
-1.839527086814259638e-01
-3.692876928128095704e-02
-3.893764105240223872e-01
-1.539819257144052489e-01
-1.852145172610758506e-01
-1.397116801609605274e-01
5.477422478255750127e-03
3.595657980238551876e-01
-5.598603498516547400e-02
7.909899766243146113e-02
2.585000599003016708e-01
-1.843439979916627891e-01
-8.126947421893356005e-02
-2.081919381141228431e-02
-4.143694301642701916e-01
5.298302122244112899e-01
-1.852704619982061818e-01
4.754923474217361001e-03
-2.388733377889176723e-01
-2.660709603936334267e-02
-1.841282037177416064e-01
1.501608108923762064e-01
-8.749494710528188390e-02
-1.844593332232702665e-01
-1.223014068976176205e-02
-9.093739807455045177e-02
1.334547816320976743e-01
-3.000000825741549471e-01
8.987896822061774982e-01
9.223141892806033248e-02
-1.795255345754574183e-01
9.165325225930195385e-01
-6.778109799086527998e-01
1.374275378457371910e-01
5.598665619310352337e-01
7.361756426001386799e-02
1.924541761358471714e-01
2.035571533814020118e-01
-2.853222178108554274e-01
2.389325325801930008e-02
2.372383410489822264e-01
3.668827395242099665e-02
9.195585541589050838e-01
3.403469957225038200e-01
-1.529128009971935098e-01
1.955670774667456757e-01
-2.118827063119877174e-01
-5.276843802287102536e-02
-6.850322527660205330e-01
7.892677313405635497e-02
-2.633230149107987916e-01
2.311609513214659406e-01
1.323218572920070724e-01
-1.272650691473752871e-01
-2.179849243746787013e-02
6.340607323191277400e-01
6.203572943796887840e-01
-4.126984688070198248e-03
-1.225564812740492608e-02
-2.755205258750086372e-01
1.534798012761356412e-01
1.290166579271547209e-01
4.870648639837615868e-01
-3.303046234178348695e-02
-4.811777568048611897e-01
-4.776674969461897763e-03
-2.705959178255334940e-03
-3.939953631604533602e-01
3.048682152580762805e-01
-4.907826009190213723e-02
1.353259142123792447e-01
-7.824867369936074069e-03
-1.074973659089435846e-01
2.137177004579873807e-01
-1.229352018796553703e-01
5.980317025084888605e-02
3.642389436786408474e-02
-6.348730368055781614e-01
-1.120583436023225021e-01
1.652163906734210319e-01
8.945970908341442929e-01
-2.274682055194146013e-01
3.683321050350128467e-01
-4.754970352670219724e-01
-6.902596507954225080e-01
2.027999233462384754e-01
4.491195017792082300e-02
4.225233987227093868e-01
-2.959863824095255724e-01
-3.242660610804651844e-01
-1.679176254531419832e-02
-1.179215135238307621e-01
1.645212884249510621e-01
-8.903150932417697172e-03
3.152613981107915686e-03
-8.213748058763487014e-03
3.824069800536155639e-01
2.242862381468481159e-01
-2.717516670654482880e-01
-1.889859915979296145e-01
-2.769204786640928617e-01
1.084980111886349796e+00
-3.234907842341003259e-02
-1.007073129112132093e-01
8.926140390880372699e-01
-2.524640754124279907e-01
-4.313879259151968265e-02
9.610723766009132696e-01
-4.502596217856404404e-01
-6.608808116962647805e-01
-5.968865930662251018e-02
2.796667624844569322e-01
-8.084867621361480072e-02
2.028682496363613530e-01
-1.338688588776870692e-02
