1.801333550974864306e-01
2.713349936349687685e-01
2.757762786110246056e-02
3.357200969403384416e-01
-3.065697015988906315e-01
1.091269648182806307e-01
-4.979555693332682331e-01
-4.151466740098587738e-01
-6.763489615881081995e-01
9.901298577282222624e-01
1.744985091018813050e-01
-2.595323563532707378e-02
8.601523458670601308e-01
-1.059136639116088796e+00
4.955663605830015750e-01
1.209482353953287292e+00
4.085124146491689867e-01
5.968358207363935186e-01
6.528589421060512765e-02
2.157670723334023932e-01
7.989253228930562889e-01
-4.209669009739752665e-01
6.995587783616745714e-01
1.486423910403003312e-01
2.763311856684738665e-01
-6.299096665141579177e-01
-8.063020925947971262e-01
-1.986712415447223767e-01
8.234685416960259019e-01
-1.365169424427645772e-01
7.079553364553121675e-01
2.115310001012852270e-01
9.261137114732115316e-01
8.417677737977317109e-01
7.641548206835778734e-01
1.175243436470811531e+00
-1.940092439531902191e-01
7.051592594938108083e-02
-4.249851045752441880e-01
-2.493731395282406671e-01
2.165154713577570333e-01
-2.719627786184720675e-01
-8.491299906556480648e-02
7.662207018300868366e-01
-8.254286650816122783e-03
7.221492453356759267e-01
-9.034454940662119959e-01
-2.405852497591756400e-01
-4.184071471790695718e-02
2.729842402257765532e-01
1.274165180864168523e+00
8.619849430856355577e-01
1.029471216861032601e-01
-1.179170913976769874e+00
-3.701710530801889942e-01
2.208236189395684085e-02
1.718691953072122025e-01
-5.653707926551222451e-01
-3.170231330693462635e-02
8.423020827163765767e-02
2.478905287183968964e-01
6.954044373013179570e-01
2.451726691010058523e-01
7.093703037158363145e-01
6.642906898042728603e-01
3.254399993754759080e-01
1.187394602143152511e+00
-4.175539496442544629e-01
-8.217745522722111895e-01
9.964035707750443227e-02
3.311793582899045241e-01
2.036156258692801979e-01
2.001282342658450286e-02
6.828895118796149410e-02
-7.066326634132502615e-01
4.129730693571618261e-01
3.465961641042212826e-01
3.792314671462512082e-02
-4.007544722971165818e-01
3.518714624392690199e-02
-2.798411737615436601e-01
3.019199172208974491e-01
9.661663400601011586e-01
3.676044888165378444e-01
4.423883902162981663e-01
-9.160782045817510433e-01
6.202438352486727702e-02
-9.364131057481565046e-01
3.242073153070585412e-01
2.059691128186074693e-01
