-1.523303530277669016e-01
4.819336880071135032e-01
9.486279444489876811e-01
-2.559585967584661614e-01
4.488573094985581768e-01
5.955674840983475604e-02
5.226341068285200731e-02
-4.684601456829275978e-01
-4.214045375554151263e-01
-1.485725052296542337e-01
-2.021865026536169910e-02
-4.817129946517960670e-01
2.268901300319115522e-01
-3.230572423258312731e-01
2.336951069320444829e-01
-3.023895432315406584e-01
1.645104097839006352e-01
5.665209077288366757e-01
-9.509465732186985765e-01
-9.272595130365107741e-01
-4.110459734610590748e-02
-1.210883946824807600e+00
2.651521271132096791e-01
6.199387525663682119e-01
3.059965545799870901e-01
-7.238745851388800334e-01
5.421751989711960373e-01
2.413270111810523755e-01
4.621750249753753259e-01
1.035730233150382318e-02
-6.611461214797050845e-01
3.662211920054498498e-02
-3.895774579969035201e-01
-9.803540586879188057e-01
-1.467504656967711374e-01
1.313572226229762496e-01
-8.180142743832150565e-01
-2.475890117409957902e-01
4.957313667242299049e-01
1.076851622667191963e-02
5.405984530603976657e-01
1.025353417543189094e+00
-2.448783485096872881e-01
-6.074584371855493159e-02
-1.061408005943828836e-01
3.622318208522712912e-01
2.681626862541606204e-01
7.464929685744869925e-01
-5.092327678883197262e-01
-1.737344044954321556e-03
-7.313589049969985156e-01
1.593352629817835486e-01
1.289973364785414356e+00
-1.266922414118974438e-01
5.724145577291834819e-01
6.124238526611852640e-01
1.131750619508139932e+00
-1.895483478152073242e-01
-2.301277804428925045e-02
-4.352374772095002342e-01
-2.171508604769096795e-01
2.068277199622330434e-02
-2.592588511293822950e-01
2.803641533873222347e-01
4.226588262879306113e-01
-2.295121959775157372e-01
3.105492129667241641e-01
-3.112963817542686584e-01
-3.335102700406060716e-01
4.427519283259936933e-01
-8.463786902652900013e-01
-2.900426605527791080e-01
1.363546303386936387e+00
5.672751621642541098e-01
-2.384588291868492554e-02
-1.187651076574373077e+00
2.239404327010762752e-01
-6.374317069770114863e-02
3.051999413395224403e-01
4.058527497775978876e-01
-8.093415870332096862e-01
-1.242961830778647331e-01
4.959847496619056439e-01
3.191970302712410779e-01
-1.652266664596532542e-01
5.683878498753147657e-01
5.551705021337761947e-03
5.235359059843408547e-02
3.516609409738565284e-01
4.739163479164658632e-01
3.915499297654543437e-02
-1.620398257286121690e-01
-4.053396282808451323e-01
2.642359257202860356e-01
3.463019657058495349e-01
-2.728607371007936155e-01
3.600007055762770580e-01
-1.697747624040632508e-01
-3.742361241188506549e-01
-1.053190613974459983e-01
9.101681556448792954e-02
-5.657848094779743819e-01
1.024047450946955623e-01
5.850949479899009154e-01
-4.171922280940332795e-01
6.586821021891404726e-01
8.178671815747623475e-01
-4.613344779705099707e-01
-3.083319404669394581e-01
5.019572406145784704e-01
-3.771321566212320620e-01
4.082009952793839158e-01
-4.438071508359998640e-01
-1.001625118779537083e+00
-3.270225045260714749e-03
-4.287905509402961113e-01
-4.133939748026830285e-01
-2.438468370942697416e-01
-4.588099724115853872e-01
4.631649114502084386e-01
2.189048530678925075e-01
3.074485672475647524e-01
-2.573243769890379840e-01
2.592848798543527233e-01
4.868309302634953317e-01
2.459401013879607967e-01
-1.767662727152791435e-01
-1.331622035366338275e-01
4.358010373180674080e-01
-3.458090807340488682e-01
-1.295422756479289172e-01
2.512841720034183352e-02
-7.382270189628595825e-01
-1.267391107024514740e-01
2.657383949867402895e-01
-5.717999307267016690e-02
9.121384266008781827e-01
6.372986660687853799e-01
4.673159235733535116e-02
5.498623084094594188e-02
-2.350718479407875455e-02
3.780825757396077957e-01
2.934401431342685829e-01
2.320735530590683215e-01
-1.863177746789816958e-01
-3.516013237440065442e-01
-3.257780074727208430e-01
5.952521250465196978e-01
5.647791925166121274e-01
4.062285411598498541e-01
-4.331261896862466099e-01
5.238340059792908621e-01
-9.064551009261184733e-02
5.441350563553929570e-02
1.972820697271991386e-01
8.156764848039599336e-01
-4.066155791537773845e-01
2.117798494942820242e-01
1.070546797625453017e+00
7.612963192011874547e-01
-4.300071252224917928e-01
-2.770083019717297090e-01
1.181590958448365675e-01
-4.669056725886529258e-02
-4.699830790385635393e-02
3.743691329330354756e-01
4.838048888676506343e-02
1.609809402336452866e-01
-5.231777546279245961e-01
4.574516696754463846e-02
1.780056687072304467e-01
6.493295378907067150e-02
7.665137698602212390e-01
-4.081259486495472655e-02
-1.109552112409259550e+00
-1.156418051272601168e-03
-1.535428996386811740e-01
5.704553011256332518e-01
-3.442295865995788073e-01
-4.446691545502705067e-01
-4.388601008028734651e-01
-2.803221968250814711e-01
-4.770863388872960686e-01
-2.358083126187896783e-01
-3.611768367003335700e-01
-2.245956695737542086e-01
-3.309761471913111874e-01
-5.693724181085368929e-01
5.794176045526535646e-01
-7.999871913933196410e-01
-4.452650005111053605e-02
5.230396211566223919e-02
1.370397908899990275e-02
8.120307661168320312e-02
-3.988911098616319539e-01
-1.127138068097375129e-01
1.750414834032098729e-02
3.066538521221331415e-01
2.484803945094693212e-01
5.090650114855685415e-02
2.849113575105050589e-01
1.644882476975630947e-01
2.944240403782613646e-01
7.241202578937142587e-01
-9.440895385046027544e-01
-5.726911968095149685e-02
5.658870194146599364e-02
-4.921495478058752204e-01
-6.095155617590661823e-01
-2.326403724139861420e-02
6.032273410619076737e-01
1.484585650200034579e-01
7.089457608023035373e-01
-6.325591903669959375e-03
3.739048429694433184e-01
-4.978637149224482972e-01
5.247606467457509305e-02
-3.559386138079737583e-01
-6.416456048808335533e-01
-7.348111800979105768e-01
7.110010730654980904e-02
-2.670918727761582012e-01
8.467848537964951794e-02
-3.687147411590774304e-01
-2.368241056694497283e-03
1.280831465662301438e+00
5.716207428521802303e-01
3.168515060543736217e-01
1.333894683706465523e-01
-8.018378937536251375e-03
3.800811956339925773e-02
2.997187708658510807e-01
-3.005498507474477776e-01
-4.338450683974555133e-01
9.880908041595842795e-02
2.722919940075535852e-02
6.749210795441055177e-01
-1.117992971251694501e+00
-5.897939470162651132e-02
-8.310486020576740573e-01
-8.879314625588879961e-02
-1.339985851296756833e-02
-3.950844361642759373e-02
6.597712878586358132e-01
8.659283346986516861e-02
-1.459660933488729495e-01
-3.692831184493931829e-02
-1.989740665289819188e-01
-6.030193123914560083e-01
1.334781794358515516e-01
-2.653685724465098539e-01
8.861731613667138685e-01
-4.988851218955216993e-01
-3.955866797778980759e-01
9.282042319462774360e-02
-4.725976213109590179e-02
-9.046253913507056321e-01
4.470881297688498734e-01
7.022983207176133336e-01
3.320178901013681183e-01
-7.276417185077136418e-01
2.173164380017121033e-01
6.062222575132922842e-01
9.615876944673278359e-01
-1.492738693535604344e-01
8.843134975083294380e-02
-4.900657016519905929e-01
1.351590695602999270e+00
-5.431286967086946804e-01
-4.306924869608187989e-01
