4.261635497899751712e-01
-9.455423990909532783e-01
2.924706682186064555e-01
-8.398770099277049761e-01
4.361282731724943074e-01
-8.231253540252916889e-02
-3.262910877574078383e-01
1.450493198276625595e-01
-3.190953362918859670e-01
-4.818081991263670205e-02
-6.553758978383428246e-01
-4.564302228588725807e-01
-7.216462335202464828e-01
-6.755161798626287961e-01
-1.120540430821412414e+00
2.819257073305716510e-01
9.897970933764375090e-01
-5.018935594894757823e-01
3.711464886280225195e-01
2.601340463743118114e-01
3.708930784837982664e-02
2.757362392979871291e-01
-6.162653328489571536e-02
-6.192505911090750992e-01
-1.489511366400303460e-01
4.759850581057377683e-01
-1.298208273137624325e-02
5.893194811120598953e-01
-8.423577933811074447e-02
-5.142638052993722120e-01
-2.761880387108673895e-01
6.422822317722374219e-01
-1.227980119792477787e-01
-4.260431347940438762e-01
1.235901520820736899e-01
-1.945083003372740926e-01
-3.700833391041472020e-01
7.006683042451049559e-01
-1.066081022786842913e+00
-3.383263950698446321e-01
-1.431799686925624981e-01
-4.545637882632390103e-01
7.578475525664687407e-01
4.559542223576200648e-01
-4.215571488642048670e-01
-6.166776476605720925e-01
2.572672238667749189e-01
-4.951251462519927760e-01
-7.262490964619512379e-01
-1.151420646533124925e+00
-1.907182601332271452e-02
-5.165390814745366432e-01
-1.153345289656649841e-01
2.062921021794754672e-01
-1.013956552514483911e-01
1.676209149414658872e-01
-2.090991967016585518e-01
-4.760757681137452457e-01
-7.317511161265383146e-02
6.102374498584336449e-01
-9.932890602630106702e-02
-5.011346858432281781e-01
9.500204516948991262e-01
3.813164396734163297e-01
-9.067384390116381976e-01
8.020357080857078991e-01
-6.807597121283035513e-01
9.857230414156060994e-02
5.540766118925068984e-01
-5.345925713533883350e-01
4.950890101807936539e-03
-1.099932281856131899e-01
1.194645855251384337e+00
-5.406709428232293613e-01
7.540945557466459670e-01
-2.647541918792157833e-01
-7.147833695866251391e-02
-6.367914699981715998e-01
-8.675548255520331153e-01
1.397143999141623238e+00
-1.200548277098190120e-02
-2.053009078755004546e-01
5.671796468516999701e-01
-3.421610342303759711e-01
-5.176890001493369420e-01
5.740717685006271331e-01
-1.105002627223290013e+00
-6.709903759831001846e-01
-1.476267957255065766e-01
-5.080165969530433534e-01
-8.395299272393921819e-02
-9.060729479269215014e-01
-6.932555978388478257e-01
-2.294128577474970621e-01
-5.057571247547001381e-01
6.609087639681265891e-02
7.808524388939322991e-01
2.525862708273473589e-01
-8.543933884248716693e-02
2.395483285362226544e-01
-7.954694524986818394e-01
-6.846812936562074459e-02
7.848217820178265969e-01
1.937441450041291757e-01
3.277878277346665259e-01
9.259553582568063046e-01
-1.302015619454011397e-01
-3.671162723959709440e-01
3.401227827781729829e-01
9.519741228921232978e-02
-9.782649260311682138e-02
-5.003112908743474474e-01
-3.953950316117699204e-03
3.207968410544993487e-01
5.010413948324650146e-01
1.575234801806478568e+00
-5.696425778009631125e-02
7.302626504443689992e-01
-9.208083204018231438e-01
-8.407739077617121248e-02
3.057934442367166716e-01
6.084669886998507193e-01
2.502903798137733893e-01
-1.601514209849779213e-01
3.285624901828595457e-01
-2.985203296949899832e-01
-1.194653365881968993e-01
1.293919555524645007e-02
-1.736370955572433816e-01
-4.595675043342610788e-01
1.672492770543342333e-01
7.310328395503459253e-01
1.431938715595487688e-01
-9.695747347244667580e-01
4.778075344592966345e-01
-3.464818042557514799e-01
-8.293345443999625144e-02
1.172583240664150095e-01
-6.418884417104342432e-01
-4.702123305282138732e-01
-5.537061296963312618e-01
-1.718623521915335073e-01
5.691252386704673261e-02
-5.136671729269866038e-01
4.824258853791038026e-01
-2.115090584233755566e-01
-7.372373855727182290e-01
-3.618197874211653842e-02
3.354830551184752041e-01
2.925450972532993577e-01
9.619729606584314086e-01
4.400020581321839597e-02
5.635674965650343538e-01
7.495600444471231527e-02
2.061322224212428222e-01
-1.315639694152465067e-03
3.363666680095120931e-01
2.268191141529702359e-01
-4.021510424985637044e-01
2.099189082817409235e-01
-1.611114790428477495e+00
7.754675914680184690e-01
-5.774802383133333938e-01
1.344397497883816350e-01
-8.858912224400036783e-03
-1.021570880334889408e-01
-7.144697825532384527e-01
-4.316518312030390159e-01
7.790174364531463058e-02
8.765243509477730344e-01
5.710233541621232423e-01
4.134158299488319699e-01
-2.810976112896762524e-01
-6.961998190804344899e-01
-1.655930128386104150e-01
1.379557753649913177e-01
7.836924334978917495e-01
4.925283509980941110e-01
-6.362004317308028734e-01
1.318919248026176327e-02
-5.064639989248460594e-01
5.307909529081536459e-02
-5.097799684733878012e-01
8.412484465935179401e-01
-7.326792573526738073e-01
-3.836025423685638924e-01
5.566928284756020862e-01
9.862440506039515942e-01
7.320452617728459010e-01
-5.159550232745613307e-01
1.986481548510938000e-01
2.162472384263536829e-01
-2.349808937894214966e-01
-7.171373734516081622e-02
-8.763225939083156835e-01
-8.249916618244288458e-01
5.680927294601957334e-01
5.384233785814754314e-02
-1.494985690996558647e-02
-1.586684949641283260e-01
-7.144107281322886749e-01
-1.090944814615484731e-01
1.083761630723738767e+00
-2.191138504921510410e-01
-7.752859215890329780e-01
6.268309697789793411e-01
-8.492874259037017648e-01
-7.446523324079769302e-02
1.624114298291577108e-01
-1.698779841379511324e-01
-7.129322459332378958e-01
-3.420389022953619351e-01
-1.235627412188441410e+00
-5.173502584712823538e-01
1.998693292042336145e-01
-8.000670764911093080e-01
4.245610343996699676e-01
-2.673512325672292578e-01
-4.670547993507656592e-01
-6.118618224692520258e-01
1.236075990832767868e+00
-3.195045077294501046e-01
-6.413777402301762409e-02
-2.686858410736938096e-01
-1.563716963079321287e-01
-1.181592667778260219e+00
-3.442516748547108651e-02
-1.393832517013163241e-02
-6.057813960356671634e-01
-1.346021288727218546e-01
1.256721642602883771e-01
6.085400596592412947e-01
-4.135322647763086668e-01
8.607175960331742148e-01
-3.712969932962401631e-01
-5.698282435135482160e-03
2.886249763096589427e-01
-4.100452671136736171e-01
5.557756419489749966e-01
6.911871745452755622e-01
5.360960517560482419e-01
3.019058308050410755e-01
-5.625677977014328368e-01
-1.999220640140835226e-01
5.286811288936141273e-02
1.465497896987721926e-01
-8.460358377828454124e-01
7.739932042414836566e-01
5.898537605468961997e-01
9.677928963047572886e-01
2.558034801540756686e-01
-5.769997540017723914e-02
-6.880539482191678768e-01
-1.574432233433603612e-01
2.242404541094142334e-01
8.095263100471378204e-01
-4.584703271874716046e-01
-5.048422976275928065e-01
3.171460053197233120e-01
-1.323721997326507693e-01
4.226578783285423468e-01
6.554810412506265060e-02
-8.180132513684637008e-01
7.565159743946045512e-02
3.293585903752637711e-01
9.811085114810205732e-02
1.263194448665622138e-02
7.793700946818513664e-01
3.886810003532906732e-01
-3.531901972387241906e-01
-1.102136634742138188e+00
1.037324329478390927e+00
-6.057221867105747615e-01
-1.732648307400073140e+00
3.206772437329637460e-01
1.269256178224220655e-02
4.502408915719493532e-01
-7.487232773893860438e-01
-1.549495624318846798e-01
-6.302297440574489151e-01
-1.248079646961929301e-01
-2.086905816001835001e-01
-5.446534804346433445e-01
1.264218261451358072e-01
-1.740560171572721471e-01
1.010627991503137313e+00
-3.436878578605191414e-01
-4.217944564335829316e-01
7.860891230795996609e-01
-3.525348028853532711e-01
-1.172626490268911109e-01
-2.294491890398195066e-01
6.940176247707880997e-01
5.117819631597236851e-01
-9.738542789225557161e-02
-1.370931115629886454e-01
8.193636606526595589e-02
-2.708738338931832024e-01
3.407856377099596767e-01
6.851484972953120201e-02
2.034137636286869610e-01
2.537832197290556743e-02
-2.299268210098125431e-01
5.534888184468974570e-01
-1.667809799051330755e-01
1.650227322539776775e-03
1.253519677539881028e-01
-3.343587470596215971e-01
6.309518954600585872e-01
-8.598426996094918895e-01
-2.112767050525524160e-01
8.455831928984648416e-01
-9.866946847214821958e-02
-4.072064421960341213e-02
-4.199762181662850535e-01
1.946377535346711929e-01
-4.102146882789616811e-01
2.853993512222650075e-01
3.147236739864106014e-01
4.618670942320432515e-01
3.680974707753360553e-01
3.674470098391538486e-01
-5.840690031424777828e-01
-4.739020025764396626e-01
-5.615999297216593966e-01
-6.312848209860441040e-01
2.113867757222719912e-01
7.504026686558711301e-01
-1.644136525696739404e-01
4.831619912158311436e-01
3.957178166978721906e-02
-3.284507300401754426e-01
-9.244781969294130208e-02
6.111978614733316884e-02
-1.336845499905932322e-01
-4.382032477039704554e-01
3.158355052477125890e-01
-1.848293952819228259e-01
2.613126155614909907e-01
-1.525852648761794605e-01
-7.972297126840576231e-01
-3.189078252483193987e-01
1.258816157876723407e+00
6.708715490216419219e-01
1.993696647965065849e-01
-9.503246022527932213e-02
7.878173461597568483e-01
2.675942187051872367e-01
-5.708105294773833105e-01
-3.460788701371863563e-01
1.122367985419124303e-01
-1.488734122914118219e-01
3.583198900611976323e-01
6.538530033726872581e-01
-1.071970558411898367e+00
-6.071726985820374844e-01
4.916577440088383266e-01
1.313548693098254283e-02
-5.414391707336090320e-01
-6.395569903648034016e-01
-5.114537616745546966e-01
-3.373255437594981920e-01
-9.061987205116193156e-01
3.103689668238119315e-01
-7.414832523484053972e-01
5.166563131007879672e-01
-6.759917791271252696e-01
-4.786768305190438610e-01
6.119392196167603437e-01
-4.445449608944276321e-01
2.575936790218971151e-01
6.600459114915419034e-01
-1.129988032162631550e-01
-1.435803443135705293e-02
1.673557929705296876e-01
3.770830576268088263e-01
9.694653941845354783e-02
1.162305732365441324e+00
-1.219228973789765746e-01
5.293583510006004689e-01
-5.185347381700011749e-01
6.423221829719009957e-02
-4.167601392745039490e-01
-3.171249777736888653e-01
-5.349088202437385364e-01
1.135188735800829185e-01
-3.010819616346762650e-01
1.520194208154836968e-01
4.574689545912690586e-02
2.413497171927311835e-01
-9.802517630134273130e-01
-5.156290577420412635e-01
-6.825392845175812795e-01
8.493332742536316426e-03
-4.647621600141738640e-01
-6.772674363049120405e-01
8.543453088472585666e-01
-3.398702656488418183e-01
9.349365433683838600e-02
3.686992357994705038e-01
2.346302680297146503e-03
-1.006162019764402782e+00
-2.803797848598122422e-01
4.409681739881547435e-01
3.398066519581798284e-01
4.080943615500819410e-01
2.149358281825601846e-01
6.487422078559090810e-02
7.130317063535380750e-01
-7.265803250799294233e-01
-6.377522571513636329e-01
7.182915143457264673e-01
-5.370097553428101467e-01
5.390992726167433968e-01
-2.062733905427371894e-02
2.082980166654946896e-01
-5.204464500113344938e-01
3.603807329432852091e-01
9.955823011611522055e-01
-5.650573856381385651e-01
6.319338283774809106e-01
5.469623903335172344e-01
-1.841956270248144567e-01
4.384273935265112776e-01
7.039685079008324575e-03
-1.606935387470397325e-01
7.238571466723250358e-01
4.937426506969155859e-01
7.753709858094499641e-01
-9.883063316813434085e-02
-3.847488645839836630e-01
-9.027515950396289846e-01
-6.037850056220805950e-01
-1.875210405184533635e-01
-3.283079969581160773e-01
-3.467413757567824328e-01
-4.833464555805039309e-01
2.848835743462313497e-01
4.500161878305352081e-01
4.684886318795711269e-02
2.072615900483956164e-01
-2.642632379612115390e-01
-2.338155235060534465e-01
-6.377133659186478010e-01
-7.081366916409517764e-02
1.987160090464892004e-01
-2.459348771128904154e-01
-2.829393316942823144e-01
-4.360669915188283841e-01
-7.801343200125497868e-01
-4.291266458385387117e-01
-4.974957923377388846e-01
-4.797377733135417821e-01
3.084123168959750916e-01
-5.759074599166789099e-01
-7.453739356122776605e-02
-9.732180642986926200e-02
-1.826023209502375400e-01
-1.657323890857895499e-01
4.334907023809252413e-01
-4.704209405558774648e-01
-7.577073201829596094e-01
-3.718686384602792883e-01
4.100280894973707402e-01
-6.746349700033039687e-01
-2.320455862595808411e-02
1.719482406903863891e-01
3.123051109728989805e-01
1.042029895707526910e+00
1.013591306999313879e+00
1.542030669569657841e-01
-2.381828399598893142e-01
2.375638559031797714e-01
-3.829362116677270667e-01
-8.463253587768870823e-01
7.334202278805362907e-02
-2.782195020663489338e-01
1.591967690803497426e-01
-6.798830399146654768e-02
-5.141890041977063008e-01
4.971395630274450528e-01
3.140354444706904280e-01
-1.035347859275790317e+00
-9.006471001206309834e-01
-5.356160253353626707e-03
7.334630627195415364e-01
-4.918384885098348591e-01
8.830809285482854598e-03
-2.185822060960261881e-01
-5.237782392161245415e-01
-2.034849727962015353e-01
1.181583488926667980e-01
3.794277582026975848e-01
4.938431418444111376e-02
3.100763680912705378e-01
-2.672513971241897712e-01
6.294169345393705317e-01
-2.061018690899317773e-01
-1.266526350936432177e-01
4.291589213097208866e-01
-1.066556336886545386e+00
-2.629695733233740340e-02
-6.176199156253097539e-02
2.012291977235789453e-01
-5.527700427081490009e-01
4.590749446166427772e-01
-2.566844961417470983e-01
-2.087090874100125670e-01
-1.599062208683061370e-01
-5.362298124154467605e-01
1.332761319918752130e-01
-5.372011799790687991e-02
7.008332064761975122e-01
1.508079097476071329e-01
2.874517167793974037e-01
-5.485194804561432935e-02
7.842053020771857508e-01
7.111744021196335641e-01
1.015808031458665051e+00
-5.035481713060129261e-01
1.071068200181893304e-03
-8.342657294516420130e-01
-8.170959093779896210e-02
5.083939714159312062e-02
-6.455518867984146869e-01
-1.026693281038069117e+00
4.722847599738800861e-01
-8.341138191340490005e-03
-2.252823424646718531e-01
-1.422863838072315534e+00
4.952537294790844147e-01
-3.488036540290786469e-01
-2.711075645485522267e-01
-1.588250809821212250e-01
-4.284604146915393375e-01
6.052852337391748105e-02
-3.144211071053325535e-01
-2.633275278664597985e-01
-5.036438346311293834e-01
-8.270677198945326491e-01
