-1.535386117836454352e-02
-1.082593127963892878e-02
-7.864998339336388630e-03
2.341987126789502743e-02
1.588178313885876478e-02
-2.263917241405530648e-02
1.489482920048910627e-02
-2.171870932952210329e-02
-1.927718315747819350e-02
9.696064188672949558e-03
1.268791554439632589e-02
-7.819540996440900102e-03
-1.259349680914279013e-02
-1.701848053991264487e-02
2.839507203358688711e-02
2.839115765646390080e-02
-1.047081961662548258e-02
-1.211787149443592677e-03
-2.595597848562031240e-02
-1.444303254002011691e-02
-1.764044199800870322e-02
-1.325153422434363105e-02
-6.970770775702488618e-03
-1.845095076858838806e-02
-3.048246471800450039e-02
-1.001262583961726529e-02
-3.838660008970394555e-02
1.504340932842566057e-02
-7.051287959268506475e-03
-4.894932598288294356e-02
-2.624296732737278412e-02
1.675947007571445407e-02
-9.697692612211259930e-03
-1.258007026886351874e-02
1.951476380031177613e-02
-3.643051069035396772e-02
2.064288674692827882e-02
1.785512621530548072e-02
-9.514612509257766582e-03
-2.309932862133966258e-02
3.349041165073826654e-02
3.031173356729026727e-02
-1.348743763154099454e-02
-1.181624095046679424e-02
-3.630493082928201720e-02
7.655293191528037867e-03
1.529512543655308851e-02
2.283657311079637445e-03
7.904578649772082272e-03
-3.968688579219993573e-02
-1.494361726720469345e-02
1.771728115661810876e-02
2.739865892024621538e-02
3.187744573782841373e-02
1.490461130770325340e-02
9.546257796681407309e-03
-4.113595011648452093e-02
-1.502247556289937509e-02
3.768663585652062657e-03
-2.639979634357217386e-02
-7.974048978134952448e-04
-2.587739719806497751e-02
1.094149658649701436e-02
-1.463623608170881371e-02
3.543123006734598141e-03
-1.314031559948739686e-02
-9.810802662214384434e-03
1.026124065516841218e-02
-9.437888977135546267e-04
1.493558073054855953e-02
3.622637743767782859e-02
-3.393363469180415287e-02
-1.147817827500213425e-02
1.788018050235234621e-02
-2.243520508377434136e-02
-6.863274968845218399e-03
-1.054470834459909565e-02
-2.322182818296739809e-02
2.312013056487280394e-02
2.544714258661150141e-02
-2.293736385404055583e-02
-1.739556555954543948e-02
2.760489414652201115e-02
7.005371411810648596e-02
4.325338856225369871e-02
3.368227280298646126e-02
4.398557401682622048e-03
4.999438117945356752e-02
2.921848306707051143e-03
9.072160040981458364e-04
4.394587769863278308e-03
-1.786190479776275652e-02
4.231080129328707029e-02
1.772304440998277719e-02
-1.389430482750627673e-02
1.991767875427239917e-02
-9.773252527500140424e-03
1.366060448100463176e-02
1.000420448924071136e-02
1.999284381230998636e-02
2.834508172536298089e-03
2.750817748160120854e-02
-1.658330979332009979e-03
8.526126856411393382e-03
1.676822462915037240e-02
2.315588386093338225e-02
-8.548146323846556732e-04
-7.358035378944033020e-03
-2.382726127019992035e-02
-1.100633979874772114e-02
-2.916696163738722800e-02
-9.623702399813555131e-03
2.862492101980462778e-02
1.130705957023926157e-02
-3.140819869719006091e-02
-1.227449039786354841e-02
2.809683525877602200e-02
-8.292232079103067921e-03
-2.146698648411134169e-02
2.397784811374745542e-02
-1.383569539434630589e-02
2.254352841459080978e-02
-4.769958971125360520e-02
-1.758235913665365940e-02
1.531694448705730321e-02
-2.497360011240730426e-02
6.249794248087490144e-03
-2.306197229180849059e-02
2.983089567662731978e-02
2.856873748871616159e-02
1.893156757567455301e-02
-4.157765694530142497e-02
-6.413416923116354966e-03
-3.396201227511450038e-02
-1.076904161862123413e-02
-1.303237757409713565e-02
-1.232536565718557117e-02
-4.314423255077609598e-02
2.048191633154566524e-02
-3.533759039061173945e-02
-2.343952027542340125e-02
1.250915969314265498e-02
8.029567229074493356e-03
2.928933999813990857e-02
