8.095634611599982211e-01
-1.879988628044741095e+00
-2.514576081530097706e-01
7.166613823473484413e-01
-1.235228254130411152e+00
-7.432720322548158620e-01
-7.522170158048790967e-02
2.638311880529042863e-01
4.638796705017657063e-01
2.909542888467935740e+00
1.465299940019351599e+00
1.385297107062511746e+00
5.140538078083658480e-01
1.427867292313214298e+00
-8.095546902474917150e-01
-2.888815735618435188e+00
-1.929890031945921791e+00
1.161914587347190997e+00
-9.024831020961592010e-02
1.783910182505843434e-01
-4.098190606759529592e-02
2.961270943185467103e-02
-2.206118133760765765e-01
2.386876000817144128e-01
1.965642334933606905e-01
6.335396262573946002e-02
-2.116795848713678430e-01
-6.382733832683440411e-02
1.489129456114440142e+00
2.201282098107168184e-01
1.442705886908510760e+00
-8.228480903637362953e-01
3.311596057264913462e+00
-1.496398298234813129e-01
1.311593570507682438e+00
1.917656000568120911e+00
2.551922493160085903e-02
-5.925592601461258935e-02
1.554024945254335321e-01
2.500364168463636849e-01
-4.211570651653452346e-01
-1.694331984123927659e-01
-2.032607358882582815e+00
-1.379367045858803209e+00
1.265619563362552491e-01
-1.559088321233942642e-01
-1.215714717709394543e+00
-1.291992895929407748e-01
1.834028876128418695e+00
9.595357347561852546e-01
5.214710617068887277e-01
-6.717103369164967308e-02
7.032107456713725391e-01
-4.530901910071254979e-01
1.198910920483210879e-01
2.490635437915131867e-01
-1.019431962340612841e-01
-1.597659051582596967e-01
1.572262856320611746e-01
-2.707836872993248378e-01
2.028630983392072096e-01
-2.703506139488620619e-01
1.806119125347962484e+00
1.315877706147399406e+00
1.813395842447383499e+00
-3.597033701375756953e-01
1.097051078833797932e+00
-6.305261161787037438e-02
1.936653736949628835e+00
-1.535983034002081027e+00
1.311587832121192676e+00
-1.073017498409084114e+00
-1.169742735512205423e+00
2.431681331752121866e-01
5.443710600667367450e-01
-3.334952013702656148e-01
-1.518923313052301383e-01
6.069109072517553383e-01
4.746353888513951125e-01
-4.309182485567587539e-01
1.043726507277545013e+00
3.767688612452071428e-01
5.874179995641855001e-01
5.550230406183379595e-01
5.926240095385233442e-01
2.386757809320293744e-01
1.241302095653890492e+00
-7.969554459136609648e-01
8.087223014127008502e-01
1.092674072904146421e+00
1.826621152214651600e+00
-6.967518336464777473e-01
5.448731424422129654e-01
-1.855575888121673289e-01
2.466954038918030001e-01
6.728112527544116706e-01
-1.821923777397594701e+00
2.670788440408663478e-01
-2.765015190284006996e-01
3.121836184759843036e-01
2.245437281706580135e-01
1.375194461698926174e-01
2.308619206897567500e-01
4.724765695984819436e-01
1.613175860266528039e-01
-6.539802277504770389e-01
3.050459011131849696e-01
3.452447077924863938e-01
-5.701067944485564976e-01
2.027535548394652776e-01
3.500844069295588890e-02
1.855028092462951972e-01
1.482720911194677083e+00
2.494182372921563973e-01
7.747973794920498536e-02
-6.530340550417207401e-01
-4.186052747048172873e-01
9.609852937655790628e-01
4.811904179835325146e-01
5.756601486999761708e-01
1.494682501437805122e+00
3.357351507353121267e-01
-5.619212455230107039e-01
3.417347454327874789e-01
1.418969598464044690e+00
1.218240023820734930e+00
1.870127793674414840e-01
-9.035106719312054058e-02
1.471886573752751337e+00
-1.519199076608327426e-01
1.808846207778255499e-01
9.076032373022157040e-01
1.299442797483889855e-01
-6.196297004531612501e-02
-1.269055009732277806e-01
-3.795567352927824434e-01
1.490072305895753901e+00
2.173273902664355495e-01
1.362174935910820950e-01
1.104354678152911884e+00
-7.174242316602025271e-01
1.157962552437898918e-01
1.141511184270365131e+00
1.349368116377668736e+00
8.820837172222033284e-02
2.262564462058158088e-01
6.498712650914272027e-02
-9.663007393009064028e-02
3.434989999873012956e-02
-6.036759789363233680e-02
1.905269679660163418e-01
4.777998176274766279e-02
-3.923085562871879428e-02
-2.347237030902794286e-01
1.127476219093484611e+00
9.051868891987968624e-02
1.218148588815041622e+00
3.369024023301964710e-01
1.360906010900100327e+00
9.666428023569310912e-02
1.441769640749907655e+00
8.508589074497835414e-01
5.725842317279637994e-01
4.534991465474455530e-01
-7.683351711860809952e-02
-7.156392089287474390e-01
-1.130229571033234848e+00
-8.098066393359147630e-02
2.454277092605064436e-01
-2.787567223909073189e-01
-8.378347391094481678e-01
4.453650522568713965e-02
1.083715356169863142e+00
7.350956270085269306e-01
2.036291259059213876e-01
4.953264800016674574e-01
3.243408352279057438e-01
-3.767929056679092392e-01
1.145392405256187462e+00
-7.820489193617619073e-01
