2.482103270205027745e-01
6.545200220843508943e-01
-2.965309450976825190e-01
-1.834284983775785749e-01
-1.270126082934309064e+00
7.400085276693370295e-02
1.976138685118968841e-01
1.416740094361167435e-01
-1.162264196228769642e+00
-8.943250063367864655e-01
-4.927383948013934756e-01
-4.544687546457467642e-01
-1.446134759478708620e+00
-1.585381717972933036e+00
1.857623778489327471e+00
-9.517902225323777721e-01
2.311483221482691697e+00
-2.324077374227845327e-01
-2.876598809901446119e-01
9.622121859794441345e-01
5.804532957218155875e-02
1.027270989353963992e+00
-1.280623936556101405e+00
5.612981535247064668e-01
1.934697858923534741e-01
7.072850530239495059e-01
5.316437960834670129e-01
-9.970069539592065766e-01
-5.859142072931472489e-01
-1.365127131087022494e-01
1.096830295109638254e+00
-1.060827888875266467e+00
-6.762098781876086928e-01
-8.627181570710972247e-01
3.731349916037541847e-01
-1.697378930982265111e-01
1.000490789377456169e-02
-1.974333870060107854e+00
1.044665724452017996e-01
8.533758560051432074e-01
-5.968408776695535156e-01
2.666203658088753814e-01
1.715693192885489937e+00
1.325151694550355419e+00
-1.837375204452483812e-01
-3.272960456781038308e-01
-2.248126457438271719e-01
-7.193878083443813187e-01
-1.140513924156760561e+00
7.768936605720890842e-01
5.874404258203667073e-01
1.805857427113547742e-01
-2.742121714190171033e-02
-5.687362272658350593e-01
-3.371320542866534931e-01
-4.560752158684796553e-01
-4.611883940873662269e-01
6.998367281143277885e-02
-4.528682856367761134e-01
2.320022420185859913e-01
8.313806045126630462e-01
1.981567293223103654e+00
1.935004178798282126e+00
7.423106179805387672e-01
9.743354909941167596e-01
1.665560925582230123e+00
-2.206183768863185790e-01
1.072471669974700004e-01
-1.295757049375222181e+00
5.004711444194060999e-01
-2.844319708273734815e-01
8.505652793040662241e-01
-6.052084428419615136e-01
3.175325068652595784e-01
-9.527737571166933206e-01
-1.289046315244268159e+00
-2.129140956682562813e-01
8.118939260606972130e-01
-8.395155134354612136e-02
1.299536817233046260e-01
7.613895176270115694e-01
-1.427284151193044970e+00
-1.028839650429952401e-01
-1.476015579510387754e+00
1.510084180405141030e+00
-8.223253678692328261e-01
1.100101260157785976e+00
1.183102544258562538e+00
3.738110286785914504e-01
2.852815237978737484e-01
1.272326442196577645e+00
4.046372718106965305e-01
-2.026021912126219959e+00
-1.914585330839671862e+00
1.679292860005201227e-01
-8.869451932168627151e-01
-1.064471070780497186e-01
-4.360088832248024682e-01
2.279608542004971095e-01
-4.480858676399820384e-01
1.235348233665156115e-01
4.116189707150909038e-01
-3.288223160025885994e-01
-3.768819188830933031e-01
-6.797421183329626082e-01
3.972048414955798301e-01
1.435352017889249154e+00
3.899805190475962302e-01
7.029077737403637283e-01
1.219184980903804227e+00
-1.525736288282447395e-01
1.466018086769331319e+00
1.094586539122431201e+00
2.594891410935489251e-01
-6.598134981595232817e-02
6.410218313597467743e-01
-6.066092612672512319e-01
-2.915960915820237087e-02
1.548699375685848700e+00
1.495145770126227847e+00
-5.544811242789673411e-01
-5.380279888509376107e-02
4.062778892190421764e-02
-5.166830414841117047e-04
-1.141595641799394434e+00
-1.626051177287010652e-02
1.575551579439112171e+00
1.933168966471029426e+00
6.584022928450212753e-01
9.861059421438300721e-02
-7.916717153436932941e-01
1.524051894390469619e-01
1.332782838099967337e+00
6.231404932697420795e-02
3.240969665965209856e-04
-3.039052881351178570e-01
-1.951522901948452127e+00
1.695605323201643810e-01
-4.795675287428329825e-01
-5.196780524950016522e-01
2.871329832699676121e-02
-9.194963176896429058e-01
5.168373109389848841e-01
-1.772788107201984875e+00
2.871763293801165018e-01
-1.289457434905348698e+00
-1.008997825548672900e+00
7.189915285117052246e-01
-2.372962784220804811e-01
-2.852950251624655209e-01
1.964614491630226056e-02
9.399418044834196850e-01
7.786345479564871219e-01
1.470763246180520900e+00
3.715093948548329750e-01
-1.097386647464970055e+00
1.089191409335645011e-01
1.549256509354739242e+00
1.465576288279364814e+00
6.222197883161150189e-01
-2.184473068546639141e+00
-1.403549886355966558e+00
3.870080675748877042e-01
1.675792403307000189e+00
-1.017724282839138850e+00
1.301404717188083149e+00
-9.134898427852040648e-01
-7.102749140986691634e-02
-4.604363714752535142e-01
2.742077955990073201e-01
7.490004839764217159e-01
3.057860445460768295e-01
1.286925926928369490e+00
-2.678908860081728460e-01
1.061268247824899147e+00
1.067630536328138813e-01
7.959585737372015801e-01
-1.009618093482920420e+00
7.314650205301190811e-01
-2.374284620159435200e+00
3.972940517054363019e-01
1.588203739978538032e+00
7.409309240517784056e-01
-7.554984122454136974e-01
1.606940107452584920e-01
-5.390481480996067720e-02
6.359070388806647989e-01
6.908115365467903946e-01
-1.555824959849630762e+00
1.275664821870222454e+00
-1.256704764846252154e+00
-7.467624595453070668e-01
5.318687966589590310e-01
-5.503299346509055168e-02
-2.149160005747250968e-01
-6.056897236824956288e-01
3.773525877641684123e-01
-1.012019065054568623e+00
1.295216705190020412e-01
-1.031630200112874096e+00
-1.493165956788891968e+00
2.937106308213019989e-01
2.661676771401529362e-01
6.008980025033363592e-01
-1.308067874758953031e-01
5.817619436033333313e-02
-7.366929325516400340e-01
1.629953628756399542e-01
1.251887481530477020e-01
-1.284941731877092153e+00
4.068951542550587608e-02
-1.686803934263412463e+00
3.803358609749463159e-01
8.133024386790119742e-01
-8.011246020252953404e-01
1.028321988516802954e-01
-1.105890990631809512e+00
3.758475706183507237e-01
-6.377308193795365732e-01
6.172420228507423667e-01
-7.660801781319394044e-01
8.403989309808951313e-01
1.122940432897634455e+00
6.690688140894989200e-01
-9.671178970695832877e-01
-1.046254147759769770e+00
-1.107769126343510546e+00
-1.263276886239061980e+00
-8.232968229476655964e-02
1.065005978823361232e+00
-5.123320817100980307e-01
4.359392320223355877e-01
-3.291820505078076886e-01
-1.148349832165337592e+00
5.954757977790925416e-01
1.164315365207533315e+00
2.452542525708787391e-01
-4.226197802866343833e-02
-5.856682583281380694e-02
6.892135056838774032e-01
-1.624460599615040746e-01
-3.000958133752451573e-01
8.073783719363059053e-01
2.054734078364595096e-03
1.978799187168114981e+00
-2.131788321615534221e-01
6.248791225898594481e-01
1.693644722443187867e+00
5.432808119781808998e-01
1.658845459668512046e-01
-2.773542873042685875e-01
-1.947934698827966937e-01
1.005239749530066895e-01
-1.566479182962379202e+00
7.855053780407988961e-01
2.816760424637852367e+00
4.762628870229090872e-02
2.164416287857978682e-02
5.941096279042840100e-01
-5.443735779893632554e-02
-2.108827815521649440e-02
2.527904145284312065e-01
-3.182370712941661184e-01
-2.892798839808151112e-01
-9.736785570423983627e-01
2.391124752332783043e-01
-2.021122648513558495e+00
5.450437130141143616e-01
-1.064942679837632689e-02
7.264738814127650324e-01
7.432543196598360158e-01
-2.579037340611665119e-01
7.209979057514461775e-01
-7.146691570942431682e-01
1.123203045503265024e-01
-6.743880196401665916e-01
3.230382179800886933e-01
1.515169930245251484e-01
-1.865159045566178397e+00
-8.569851830727843733e-01
-2.206003231984191348e+00
3.837278860859888452e-01
1.556210655797171549e+00
-1.792621125010257721e+00
-1.204721222160285432e+00
-3.891334472056752758e-01
-6.928337680728594572e-01
-4.376897313641717746e-01
-2.167457503295618371e-01
2.328587907413904312e-01
-2.993109759358159039e-01
4.233401347885686894e-01
9.826819519995810825e-03
-8.449880205647348763e-01
-4.327712216526962696e-01
1.165729149224376204e+00
4.927743883209264042e-01
-1.255417215018452826e+00
-3.916325302386396423e-01
1.187651158277866603e+00
4.008898691701330563e-02
6.523494382666349400e-01
-8.092742025105654768e-01
1.990169477207355264e+00
-6.894973510890034518e-01
1.940050930031262388e-01
3.006380510536437733e-01
1.091660425993419725e+00
4.705651828488933708e-01
1.389276222772270586e+00
-7.679327679249217109e-01
-1.496258579479668560e+00
4.004253630814956222e-01
1.163812500460762012e+00
6.609891130386220670e-01
2.560129407534064705e-02
-1.293495459087606880e+00
7.940305117650499067e-01
4.260078838280766944e-01
-8.623739313567337916e-01
2.449795628923101543e-02
-9.490128252845165813e-01
7.291572066377256522e-01
-1.835546321044033147e-01
6.905514224602057327e-01
2.493302223137554563e+00
7.393167888683674915e-01
3.399325659983734593e-02
6.395705948876846403e-01
2.901438341494463335e-01
2.014942584887815524e+00
-1.192337288850761734e+00
5.086468826902810214e-01
2.278189866699230626e-01
-1.780441563638187841e+00
3.168423441965053655e-01
-7.710878691655753681e-01
-9.383651957599210558e-01
3.914333863779378975e-01
-3.935395815647708684e-01
-2.041040146386885468e-02
-9.395239921028061825e-02
-4.607817530344471280e-02
-5.177062638810373540e-01
1.709025210181010168e+00
-5.340179590663773901e-01
-5.299048675347959314e-01
-9.278524826082956700e-02
-1.250240821025210503e+00
1.832357696996027574e+00
-5.192316296749097670e-01
-1.076985483070116434e+00
1.833486951712004487e-02
1.091924878115947406e-01
-7.983660538793729833e-01
-5.678448281098195105e-01
3.086779337636534892e-01
-5.686572957684516982e-01
-1.065809199858413825e+00
-4.182376336303633702e-01
-8.824116827649192141e-01
-1.838639901649085640e-01
1.164289424977122733e+00
-1.304299255676158120e+00
-3.447674266234933005e-01
8.530807800915335415e-02
7.487293362580764722e-01
-3.971632689215920387e-01
-1.440838678095335723e+00
8.568503584967276931e-02
-1.273997048992354664e-01
4.393893557250986431e-02
5.130420675529057117e-01
-6.953349457093853658e-01
-1.960812879322458846e-01
-1.380306287307208613e-01
1.145719759202313615e+00
3.684670705811589619e-01
4.440313703206032470e-01
1.225526956719478200e+00
2.710919838124363213e-01
4.945315317275959521e-01
-9.890383731385478105e-01
7.390278215717845933e-01
-6.253749673391318931e-01
-5.226147403541907543e-01
1.471402684521717852e+00
1.175326560730287406e+00
-6.341047641267231194e-01
7.416434670967869680e-02
1.211148836974301979e+00
-1.336726779981134650e+00
-1.397933312693186769e+00
3.029152863284803043e-01
4.952751317001490849e-01
6.093280461738270759e-01
-1.448258704568594069e-01
2.346289377161794587e-01
8.397014405010894134e-01
-1.496764328381055442e+00
3.678104082818416387e-01
-2.897366495006679088e-01
-1.408461965116402537e+00
2.679061062980441221e-01
1.618262550853787340e-01
4.418176663301410789e-01
1.021963419189657607e-01
-1.704672452726458121e-01
7.247071443268721103e-01
3.175724841109508478e-01
-1.046429109488049292e-01
-1.008676326711424265e+00
7.873770290206896227e-01
-1.681222766167438931e-01
-3.513174941646512450e-01
-8.780849068488920661e-01
-5.802089642452536999e-01
-1.492987766458533150e+00
1.139079342720093369e+00
1.054506330844389383e+00
4.639918968282138456e-01
-4.315994609086309941e-02
9.204022971129316444e-01
-5.559920856280686774e-01
3.325078772532263915e-02
5.388381352800031276e-01
-2.337219564818826090e+00
-2.970135683035005636e-01
1.394974779510297358e-01
2.304488841639027452e+00
-2.769076298703673777e-01
7.068179517520241095e-01
1.704241934746854037e-01
-7.336223388691992531e-01
9.949230614162296593e-01
-1.452266657412571771e+00
3.224169704468076159e-01
4.661800324289851472e-01
6.130368002456705323e-01
-4.376791212338220216e-01
6.330018955399987490e-01
-7.166777642557314865e-01
-1.959502442741962169e-01
-4.004813457670149957e-01
-1.510002786748506409e+00
-4.928187692179380464e-01
-1.532625608391013028e+00
-1.388607356637107382e-01
-5.691272195468458639e-01
4.164590454613021908e-01
-2.485952061717528472e-01
1.170264416706374710e-01
1.515730900760022370e+00
-7.208309500382564794e-01
-4.752453438603870817e-01
1.643666536857389282e+00
1.097393072827925753e+00
-1.539547693962247665e+00
1.008754579782139116e+00
-3.444818887768047455e-02
7.731522772800880627e-01
-6.158640073020756889e-01
-7.822058158437068531e-01
3.661589433764882995e-01
1.134196727643776548e+00
-1.008626942119093400e-01
-2.198430724596575625e-01
-1.615378531368940163e+00
6.614436101344361996e-01
8.689534073123792446e-01
-1.725222128387940423e-01
-2.868387305252366737e-01
2.987649962856596675e-01
-1.337633318931581439e-01
-9.094327913857674917e-02
8.539500285949939151e-01
-2.209706451892840207e+00
-2.306891495732371622e-01
2.055025638174464153e-01
1.911125067753649986e+00
-5.602549826552005729e-03
5.096314415214185656e-02
-8.794816412355958013e-01
-1.123278611584774822e-01
8.044216877915277841e-01
-1.268770775775220905e+00
-7.006231184163599357e-01
4.031872423746002410e-01
-1.003262768536969718e+00
1.520745779480537463e+00
-9.098344657940986568e-01
-5.705190624556968348e-01
7.822087102579178275e-01
-8.533732613141022938e-01
-1.177225620684630991e+00
-4.915675889718373881e-02
-8.610600679097191179e-02
-6.217337522184178678e-01
-8.111355606629413462e-01
-9.253092747860728329e-01
-2.065184869652809674e-01
-2.820048515120332500e-01
3.864718987239713632e-01
6.395320647225761768e-01
1.777277346141267200e+00
-1.716695356664354577e+00
-3.341012775168777926e-01
4.714401815447463173e-01
3.881579784975176528e-01
1.356348609106780567e-01
8.229914326976310868e-01
1.982695983590298194e+00
5.516759526415104808e-01
4.843807625356972846e-01
-5.115584909024274429e-01
-7.255294168870443094e-01
-1.083567609226618433e+00
-2.975339890024575884e-01
-6.444585726696491212e-01
1.046548448679520238e+00
1.077782273351178377e+00
-7.094116282315872102e-01
-7.587633292932800533e-01
5.616970931588066707e-01
1.994814860907466736e+00
6.950863892152595591e-01
-2.232497912935504369e-01
5.896991715103310217e-01
6.636869230370887607e-01
-5.759258586066681729e-02
2.148027652109007202e-01
-1.407043145509219828e+00
-4.613661784004763344e-01
2.010892500366834312e+00
9.861486057010554473e-02
2.708775056145469248e-02
1.218232816553590503e+00
-3.981263032972200411e-01
-3.862404868588830698e-01
-6.082943092470854962e-01
