1.772655401066584868e-02
5.481352911233981773e-02
-3.049311130945060733e-02
-4.074445250722173381e-03
2.201857901495629308e-02
-4.003034195491209091e-02
5.140772063558578242e-02
-2.845525543298034477e-02
1.412729673360577434e-02
-2.783789381431617596e-02
-6.234932169366536742e-03
-7.226070840146348040e-02
-5.096523328826276789e-01
-5.177921216857395148e-01
5.144058115135639042e-01
5.042200011049005060e-01
5.031154416937976270e-01
-2.762103583261209250e-02
7.883610505252325318e-03
5.093198464231226685e-01
-9.568841648249079568e-02
1.093607971914825096e-02
-4.562890186046244384e-03
1.746916676398313148e-02
5.263509384682888564e-02
1.157265195819067415e-02
5.127562994734307100e-01
-2.244130721582057557e-04
-1.876733139137597497e-03
5.007170207670443851e-01
-8.904390645689558986e-03
6.110231141615508899e-02
6.105529088351638323e-02
-5.581611646249057257e-02
1.416006646245997896e-02
-7.267180207452603180e-02
1.005784713209787427e-02
-5.134241817027336285e-01
-5.138234483932446750e-01
3.890910827108182840e-02
-7.903975674333870577e-03
9.929665672704483109e-03
-8.992146539715684811e-04
1.058139759966838893e-02
-4.479652355951273257e-02
5.301602500789496242e-01
3.509785208771564607e-02
-5.572501523258507894e-02
-4.920214235125597302e-02
-6.611961414806882820e-02
-1.019411591512997366e-02
-1.276175003615240451e-02
-1.200613080602912566e-02
5.141825423345900425e-01
-4.153402337441165770e-03
-6.443159666384024736e-04
9.624048821443072915e-03
1.802037109876609283e-02
5.028502062867677702e-02
-5.030681742977657356e-01
6.591193306311521338e-02
-4.746923981334107145e-02
-4.082669744327251798e-02
1.170604106246239326e-02
-3.404436994646907466e-02
1.666334438653413463e-02
5.169799568400967882e-01
2.263967807930994391e-02
-2.144214775384840552e-02
-4.020363419816450762e-02
-4.567800537134347055e-02
-4.821050171118450474e-03
6.024939674875162687e-02
6.244679910044663440e-02
2.008181161279502802e-02
2.361412665022621579e-02
-7.329873608398996751e-03
9.217479030112694927e-02
4.300150396551077198e-02
-2.178166255086669278e-02
3.025326669008325531e-02
-5.154536492257087016e-02
-3.336656587053005163e-02
1.194074886671564126e-02
-3.560236548007982699e-02
-6.595740289478919938e-02
-4.314349556710619926e-02
9.481236191008338143e-03
-3.682780149525724522e-02
3.341816895174793550e-02
-2.539864944707755090e-02
3.672353556096981560e-03
3.435793728773999661e-02
-6.490836006887054123e-03
-1.727745574878761931e-02
-1.114777072584413956e-02
5.365162260539497324e-02
-4.169372092562453891e-02
5.946047194506315012e-03
-2.965537023564330729e-02
-1.546224432709480956e-02
-3.560206185105747184e-02
1.618847413464199331e-02
-1.217825238981948624e-02
2.457056523546374480e-02
3.472117641788861897e-03
-5.827959265137504230e-02
1.212504084476028442e-02
-3.201482568791005900e-02
-5.835745802481387412e-02
-1.002847529981983482e-01
2.676937421462213806e-02
-1.485320699142446670e-03
5.688743100524703417e-02
1.407755065455639290e-02
5.285165671745216398e-03
7.023819665677845381e-02
-1.186590903674267922e-02
3.001232616292394059e-02
-2.146588592952927699e-03
2.671590331119712107e-03
-7.853066190762900134e-02
-2.915214211099360908e-02
3.719970094494240431e-02
-2.217944223448718721e-02
2.314297186951019131e-02
-1.458715608085805332e-02
-4.409985280308528766e-02
5.053924708221180229e-01
-1.643546655054604205e-02
-6.301962243284788510e-03
-2.834918170719891509e-02
-5.082770647286524168e-01
2.381909562626622831e-02
-5.919805465497888358e-02
1.105680785019685919e-03
5.212784887480498286e-01
-4.941875763409632472e-03
-1.967740737685946817e-02
3.789264849604490060e-02
-2.818027095091176631e-02
4.463855559294627184e-05
7.579794252377382302e-02
3.310429639539629737e-02
3.504962793877697269e-02
7.970070302610363089e-02
1.355876729461362278e-02
9.855433872718671884e-03
5.422785190023970969e-02
1.220802868397228430e-02
1.211600504543687562e-02
-2.694112221758749454e-02
5.105893431451101749e-01
-3.942698789996357950e-03
4.546845461411189171e-02
5.026178987507601281e-01
-3.064034168890234985e-02
-4.562043397202483752e-02
-1.811056522278950073e-02
-2.531148840632359287e-03
-7.397561318421546489e-03
-2.446966177330836718e-03
-1.225053209081560651e-02
2.313887194084680507e-02
3.308439671019257344e-02
-3.106947373735103463e-02
-1.269798421444034119e-02
7.324540692439477328e-03
7.677550677236134359e-03
-5.143189588074181806e-02
1.794298382169279629e-02
8.545219437844073229e-03
3.962886117028310146e-02
-5.451553612198706267e-03
1.725324387355219036e-02
2.102450752762282868e-02
-2.873827036842197674e-02
-2.363916596973749534e-02
-5.051685919739125341e-02
-1.242357749903353313e-02
