6.175327051142530388e-02
-1.379431878817279425e-02
8.326858816119515894e-02
-5.400549599318931610e-02
1.028950138849280133e-01
-1.077513384919144696e-01
-3.395041959728240660e-02
1.035588594211426516e-01
1.032882805840872401e-02
-4.492392702699618545e-02
5.971407090795952111e-02
-5.320363770919329660e-01
5.660244284895044053e-02
1.207097270015391327e-02
-9.309672758417554539e-02
5.482039327482712832e-01
5.654608083545316077e-01
5.327168399093739071e-01
2.322538893380289224e-02
-3.634595651000596672e-02
5.842216270780588305e-02
-5.712876666078860015e-03
2.413194065182015097e-02
-3.476720473547353224e-02
-3.653226347546095765e-02
3.650943050107215843e-02
9.166271436319697874e-02
-3.895740022308651074e-02
5.802646073305118418e-02
5.153340388639503916e-02
-8.407619019170503583e-04
3.745794843329598722e-02
7.016261047876212742e-03
2.080688886277612740e-02
4.125672608414069492e-02
-5.056734353408900984e-02
-5.369230359923168189e-02
-6.812648548147501315e-02
6.786061783076736964e-02
-5.455723198795590229e-02
1.252831217691765253e-01
-7.866610286220644677e-02
-1.414547751331563796e-01
-4.905098408976054508e-02
5.256918110857332349e-02
3.514922909049109784e-02
7.003863575500121619e-02
-1.278301825016059934e-01
2.139567176004532334e-02
3.251336904704146130e-02
4.778353530459997223e-02
-2.660970794668120892e-02
6.241883871476481410e-03
6.922146185922573025e-02
8.775839958953633724e-02
-1.025508555314401382e-01
1.339092467676414600e-01
8.139614422842267327e-02
-3.047457297645155341e-02
-1.616740386420827125e-02
9.119343753542423492e-02
-5.800227457544936821e-02
9.008911008767996054e-02
5.523068482678484409e-02
-5.219229382726973954e-02
2.156926995900288607e-02
5.534604572364857367e-01
-2.718913538968698723e-02
8.754774302475747463e-03
8.569214187526127957e-02
4.669747863637188634e-02
5.038670822878840716e-02
-1.568299537214500744e-02
-1.361131898146710449e-02
-7.466033937848456925e-02
-6.291530358975684634e-02
2.272479632964836960e-02
9.447530781401972111e-02
5.265230718419261491e-01
-5.517728350501545087e-01
-5.251244683731446372e-01
1.110648614279948626e-01
-5.690978697573862988e-01
4.774400675995767868e-03
-2.080601604206089306e-02
7.639588802478430168e-03
4.208843936066266472e-02
-5.671160859219057659e-01
3.047751846847513921e-02
3.363940066222291525e-02
-1.199491121013611106e-01
3.596678977006596833e-02
-7.923907320764995293e-03
-1.148749084093086958e-01
3.238193353293911808e-02
1.284049875624156400e-01
2.186934764345221244e-02
2.265376048696771463e-02
-2.053600045013670439e-02
-1.493870791511943963e-01
5.652151134726711434e-02
-4.595655499240133141e-02
2.039159574113045756e-02
8.594917378805114194e-02
-6.530024629900572398e-03
6.073171396522626664e-02
1.381336045859896944e-01
2.108896904294778329e-02
5.450711699763657880e-02
3.541619804737025645e-02
-1.095434208084172106e-02
-6.613420907648541458e-03
-5.503332431926864082e-02
-1.372404186222383193e-01
1.437646763516784928e-02
1.723406106955829853e-02
4.881223044100499453e-02
-3.840939429486746326e-02
-6.107071070940155166e-02
7.789998899226657780e-02
-1.028781255273744366e-01
3.960059488938077327e-02
-3.062315828559362962e-03
8.803632731931125555e-03
-1.230254933702051579e-01
1.735422676157345745e-02
7.239634566922605041e-02
1.131194065995455925e-02
5.695476445769293017e-02
6.285576932912997905e-02
5.168244710813099663e-02
6.560110837561165809e-02
5.505258098853776927e-01
-3.600271052895079316e-02
2.798441640361575000e-03
5.083376014318913283e-01
1.556676921141263992e-01
-1.468535623848763252e-02
5.362071584987807560e-01
5.202801013735407487e-01
4.069165326251909104e-02
4.237758588068929466e-02
5.014379939955564414e-01
5.054290565539689695e-01
-1.616960191058278151e-02
-5.130637628135055472e-02
-7.875632321025313742e-02
4.646269503839119477e-03
-3.589055408294852811e-02
2.529079225545560056e-02
-2.758099530835738528e-02
-2.354779255160434695e-02
4.031091040014072452e-02
5.616331098734732644e-03
-9.528691787639520516e-02
-9.592711004952000908e-03
1.702598440670617316e-02
5.297653209882270675e-02
-9.135388858712341353e-02
1.100436673268041787e-02
-2.558765130939054736e-02
5.798396487694060242e-02
-2.122647711245177760e-02
7.222494220498097695e-02
5.086592556938656084e-01
3.839615258628632788e-02
-2.427840755327357464e-02
-5.093572154993957213e-01
-5.664632930120683252e-01
-3.910120072328773094e-02
-5.751182655360315144e-01
7.511460564945021678e-02
5.386679144367636507e-01
-6.471576760148689544e-02
5.349487119716940242e-01
5.052350593889587405e-01
4.932371164745399245e-02
-3.491594908626753646e-02
5.283543902872391840e-01
-9.866747215676276161e-02
5.133878730381152833e-02
-1.140028952413689109e-03
4.521277352553709772e-02
-7.426364028380871840e-02
-3.727751479360626868e-02
1.294678028257526536e-01
1.247621885303106248e-01
4.186794769840641167e-02
4.652205184338903399e-02
-5.019584167958973664e-02
3.584784688815521869e-02
-3.248881296402630209e-02
-6.213666718328397787e-02
1.026656630055479413e-02
-2.977651319425228885e-03
3.207426745135606716e-02
-1.357261643012224947e-02
-6.656735465050152289e-02
9.521753143953938167e-03
2.087317683471606039e-02
-4.327534946275708727e-02
-6.138296323438690444e-03
-1.637964357587645692e-02
-1.060151016753302505e-01
-4.268964250655264692e-02
-5.582064428006652812e-02
-3.225123855474121282e-02
3.509854215519728898e-02
-5.273945705799856221e-01
-7.555148812688317062e-02
6.214599994249360437e-02
5.634528017744628858e-01
3.901094373568515794e-02
9.154079737308192660e-03
-7.436941326259118024e-02
5.296638629112839780e-01
-4.805298678606027135e-02
9.220953643683853229e-02
4.570150354899949960e-03
-2.731235360057806053e-02
5.669369080760015139e-02
1.043872019812544516e-02
-2.294476279572272431e-02
1.747802525087304923e-02
8.100373655511175497e-02
-2.368607054143228446e-02
4.460152898800763543e-02
2.078306750044582249e-03
-5.766791351379634001e-03
1.048490859186328866e-02
-9.394419275046944628e-02
-6.940081476979143016e-02
-8.379396992606422123e-02
-8.619912815638117176e-02
-3.023460323627096338e-02
1.356892734128584480e-02
6.527498770042722276e-02
2.617253288933512820e-02
-4.863296801426932742e-02
6.617512651994746087e-02
1.721240898382910348e-02
1.045570238827302906e-02
-1.072382833725836204e-01
-4.101009339110465307e-02
-7.955449607446878069e-02
-9.242509994458064648e-02
-1.275033913486890366e-02
8.253946500414138798e-02
7.789761048204248139e-02
6.284372937241830895e-03
-1.666299570117254353e-02
-1.266014804539086769e-02
-3.118606919131291025e-02
-1.302348839378256011e-02
4.699587953743955548e-02
7.891483083636548213e-02
6.466663597805272223e-02
1.110010540381622945e-02
5.985445222134167659e-03
-9.238015873271345456e-04
2.912505431786048191e-02
-2.027118516640606660e-02
-2.211791460169691692e-03
-5.066538314426972944e-02
3.385179719078149074e-02
2.854283370130040326e-02
1.788101966869159662e-02
-7.538313665037693623e-02
-1.118628963362661155e-02
4.107571053265859917e-02
