3.944387924408292168e-02
-3.517326224801720774e-02
4.758974329195828773e-02
-1.354462577508449284e-01
-1.746109726675137974e-02
2.526289914911292525e-02
1.235961505826143822e-02
2.106727577481877500e-03
2.476591388486229506e-02
5.531078016745406556e-01
-9.299063421561382103e-02
5.946813110605793096e-01
-5.613677050463361518e-02
-4.521827190394683837e-02
1.258580347594813742e-01
-5.365461260567293555e-01
6.232762646633260850e-02
5.360848446331738515e-01
-4.826410590885159280e-02
-1.498249279192820187e-02
-5.151936038069714063e-02
7.645951939157044630e-02
-2.959930416721627197e-02
1.116586267771753210e-01
-3.302034077015006397e-02
3.048613271029708763e-02
2.139265023483918893e-02
8.656607665876528412e-02
5.166583645282820658e-01
6.416969310816082739e-03
5.849871007471784123e-01
4.239420745127224499e-02
5.750900505396064899e-01
1.333208808977084381e-01
1.757655588101979249e-02
5.688508955170483716e-01
-5.582970902085392095e-03
-1.868519258560408236e-02
4.335551162273854064e-03
5.470567766429487722e-02
-7.463045194292979023e-02
-9.548713100952652133e-02
9.740779806725857748e-03
-1.607467938224533752e-02
1.318645658415386335e-01
6.815119082368223391e-02
2.055318351005884503e-02
-1.251458907399377249e-02
4.479808555082333277e-02
-1.085601130382972956e-01
-1.023790794786229134e-02
6.730017148533906646e-02
2.296808715042962523e-02
9.235258490055242575e-02
-8.032635909457450096e-02
-6.916346046056953689e-04
9.201795889547512153e-02
1.621770975970272116e-02
7.617471628746444456e-03
4.156839465875489942e-03
-7.213544473956567948e-02
9.989932651958842447e-02
1.157605791085596081e-02
4.260243038497083662e-02
4.108453573235474471e-02
3.892848755275417350e-02
-7.999171392614100318e-02
-2.772904610013859211e-02
-5.194018883378637153e-02
-1.023491203145882877e-01
8.248336800760265597e-02
1.142672171430817729e-01
-1.444157368873143776e-01
-5.130084428703990396e-02
-5.467679485927162686e-01
7.046279190777735013e-02
1.016395734715423160e-01
-3.531381644329940894e-02
4.149695395743867310e-02
-2.979769229352190532e-02
-3.114928536537419149e-02
2.033016087314252346e-02
5.012327043023548923e-01
5.575612646694476648e-01
-5.782594194102662344e-02
-8.696018090749771390e-02
-5.140168374856787098e-02
-9.271970311051418168e-02
1.466852000242335752e-02
-4.149846391314508665e-02
-7.840151945403750489e-02
1.475262491712743818e-01
-2.362934881733599543e-02
-5.011992493952556471e-02
7.857262403503317838e-03
1.888111077577952351e-02
-4.039216889221119988e-02
3.485617478255137458e-02
-9.847836753387999298e-02
-3.071967451628150950e-02
-7.331277125774172954e-02
3.836020153138419014e-02
-3.481847141369640020e-02
-1.038954926478064117e-01
-1.030250515653741705e-01
9.131198419970081026e-02
-1.350376549869488144e-02
8.191297763615840166e-02
-3.423724196900898575e-02
6.930405717414099553e-02
8.262740251965000615e-02
-7.969915623897867729e-02
4.686434581594371013e-02
6.170120017085176101e-02
-1.155933486371145680e-01
7.934365406544320598e-02
-6.019682589849791737e-02
1.640277585297715210e-02
-9.751055639491731930e-03
7.165254573853696574e-02
-2.839717554622561702e-04
2.807952720054468845e-02
7.481203214798279322e-02
-6.683699840415006921e-02
5.584420398938128027e-01
3.690880659200018038e-02
8.521567614439468086e-02
8.576052317382125423e-02
-2.360959137461924456e-02
-5.002482898035263276e-02
1.334260443475303835e-02
-6.297695489135890501e-03
-8.070875973369534551e-02
-5.730429322973348838e-02
-5.084957434054914183e-01
-9.938291296464721314e-02
-1.120258553633721732e-01
7.874491282190318464e-02
6.078628376779044995e-01
-6.607384485870361479e-02
3.115760319866713035e-02
8.467318450630857002e-03
5.781061334223774884e-01
3.897154761617865892e-02
1.056416559843376124e-02
6.236605253385173186e-03
-4.874465167558744705e-02
-1.004562926561074904e-01
-7.033798048775791178e-02
1.161218684922936048e-02
5.564523465817876324e-02
7.043255080209313845e-02
-5.899262821439230087e-02
1.420926918117835780e-01
-1.114709562931230080e-01
7.184385846437935097e-03
8.707688834655488708e-02
1.952032304893224629e-03
-2.418544721889575103e-02
-1.676144656566730048e-02
2.234391435927579606e-02
1.904486468334042060e-02
9.420822369707318455e-02
-8.276090377710229595e-02
-7.239551390630867556e-02
-9.191242670119526004e-02
-9.623868928528880873e-02
-2.273432326241154461e-02
-8.287179620405488167e-02
-2.697608766974528977e-02
5.575279710719973636e-01
6.239096218523318971e-01
5.409467333741039274e-01
-7.453051545855593485e-02
1.710445541710285955e-01
-2.258095039411994742e-02
5.997973339639172119e-01
5.116954487724467704e-02
-3.720386342871216667e-02
1.941265718589256506e-02
-1.207512158801813014e-02
9.297854103616640109e-02
-1.232985226723115613e-02
1.279836624554298863e-01
-9.011846809529525104e-02
3.138786494523255338e-02
-5.175525093319768288e-01
5.208467591465806290e-01
-5.936346403865009336e-01
-1.467134862221368408e-02
7.403774040744523499e-02
-2.706025566570779972e-01
-2.824447018506873186e-02
5.534450918894779914e-01
5.255644920098087036e-01
-1.251452324786436476e-01
1.801806471760720313e-02
-1.105166458413200936e-03
6.190470831185120038e-02
-2.795799942775789929e-02
4.661572081955373675e-02
4.102562704310477176e-02
2.503062575743859874e-02
-2.491208433884124079e-02
-1.292155549787605551e-01
-7.324337282809789684e-02
-5.233536204667604136e-02
6.431197045469165541e-02
-1.105439305118228743e-01
3.175778284871725449e-02
1.067434082994555833e-01
1.769307385096125229e-01
-1.355706958859627664e-01
-1.435019672642995625e-01
1.972047197878830718e-02
-6.745846864388377329e-02
1.135038506198594033e-01
4.787345941633851937e-02
-5.621683502172559743e-01
-7.441342696618105657e-02
-3.416124562356134126e-02
-1.329911006590119883e-02
-4.778071568478710340e-02
4.050436267929122258e-02
-4.451895515929824021e-02
-1.506669797573082503e-01
1.571934135228192711e-02
-1.070562649938162914e-03
-1.427097196394048334e-02
5.801803108962135802e-01
-9.697254129016354141e-02
-1.156271655108185442e-02
-1.965043255889216064e-02
-8.691880935501536398e-02
-2.510839921571828004e-02
3.665743686473898338e-02
-5.648642559332820584e-02
7.570986134025330799e-03
5.438357648527281790e-03
2.080883700880174769e-02
-4.733454465650113741e-02
-5.403131965219122590e-02
-5.746050846567075654e-01
2.624359516838436698e-02
8.803204581968816778e-02
-2.403684488372947320e-02
1.129381417105369684e-01
-2.229004239392144357e-02
3.699501206855944080e-01
-6.179501648095587774e-01
-6.149877678803543531e-03
-5.203229489249346917e-01
3.122031592584253307e-02
2.550846273848993845e-02
4.656600592168481240e-02
1.451162666480570150e-02
4.492216848963140330e-02
-3.145519584823239928e-02
-4.267503999061873776e-03
7.811865543264632367e-03
-4.358294931932106542e-04
1.148918550746615280e-01
6.545096330289650044e-03
2.584140081175828607e-02
2.517693695311493118e-02
8.547874727120585714e-02
5.167773298852397501e-02
9.592401272034749293e-02
6.573665316688628857e-02
-5.106871341341548409e-02
