-7.938380579271659965e-01
3.344097182338627294e-01
-7.302058639566415543e-01
-3.154724635078665074e-02
4.066091555619119613e-02
-1.187736361255530837e-01
-4.732246653868531494e-01
1.060947791888252834e+00
4.060133067130313744e-01
8.258715660607687248e-01
4.650007343899827950e-01
4.993203326940019449e-01
8.291506157026810042e-01
-7.489306390210801467e-01
6.415000489495639169e-01
5.133925271411819979e-01
-1.050358798475301558e-01
2.249843463239208363e-01
1.522778576578161236e-01
1.934994120820419383e-01
-6.546908461268102775e-02
1.786500143791440454e-01
-5.956748039680811457e-01
6.145635632196353448e-01
5.047775745355014276e-01
4.181644772515566988e-01
-3.990334876617816495e-01
1.198145725568827480e+00
-2.365206406677097806e-01
-3.873853225367525355e-02
-1.269324786095473279e+00
8.208232441551234215e-01
8.044771649953885717e-01
-3.355568618590920038e-01
4.437084877135730743e-01
3.359176656576645659e-02
2.769780865076051368e-01
-2.943801043132561190e-01
3.015977479601634759e-01
3.416939209454664672e-01
-1.041836577952950371e+00
1.609327306827557091e-02
-3.158325623721939812e-01
-1.687258759644841566e-01
-9.131353877610226544e-01
2.969200706177321791e-01
6.692414506717929701e-01
2.626374041673208981e-01
-7.764328799866944131e-01
4.131941071925659403e-01
-5.855329023330920757e-01
-2.556857940428911014e-01
2.021499599922184365e-01
9.280032084344818077e-01
9.331289766290351562e-02
2.710771533095259617e-03
1.148723074019995516e-01
1.457577883224576987e-02
-5.352049512299189571e-01
-5.364515557664299994e-01
1.908473349363276061e-01
-1.516784794869441011e-01
-1.756721821928739213e-01
1.203901186640386367e+00
-1.463584101162245243e-01
3.794554343987646683e-01
-9.478299194536105032e-01
-8.404759780756088094e-01
-1.188293646742653864e-01
5.667528721065858699e-01
-1.171188788661647884e-01
9.203460465979264316e-02
5.949380960572862032e-01
3.891491072369549498e-01
8.418127871997091449e-02
-1.671549277314010595e-01
-5.039978590258344937e-01
4.771821560031801468e-01
3.601791295454876973e-01
2.401381117728050574e-01
-6.428942017281308319e-02
6.937814453485551258e-01
5.090294238536030580e-02
-3.608978922182116689e-01
-2.435703698764022651e-01
-9.608983078134292199e-01
8.700591764480272161e-01
-5.906797917757538041e-01
2.464681280886809600e-01
2.057545870694836021e-01
-3.450963225159950354e-01
3.621278769849703982e-01
3.515395066097544707e-01
2.875336983819092862e-01
-1.668193538877350279e-01
-5.530228378839871506e-02
1.945181723989904410e-01
2.920254144967536214e-01
-6.474292485945074560e-01
-1.829819342074789024e+00
1.544643137189885551e-01
5.473509053339408181e-01
-4.863591584282001001e-01
-2.014823436427177483e-01
1.641198913735753440e+00
2.392393177421409112e-02
1.300537244864026221e-01
4.891732622700818434e-01
2.641155534481900991e-02
6.566403410047212397e-01
-3.420650275602969970e-01
3.538462564798695031e-01
-2.673803796520479725e-01
-2.482625651551398638e-01
-1.679496740165683788e-01
-2.068278813892185930e-01
2.725285037609014860e-01
1.832282727553450119e+00
-4.112196975748965144e-01
1.295051509593913575e-01
-4.450595297341389256e-01
-2.786551395749257698e-01
-6.714216720147595518e-01
1.811710845281477855e+00
-7.604252599558218861e-01
4.247298353074902000e-01
5.971763209284264295e-01
-7.369799215616710253e-01
-1.805458923167579943e-03
6.848526722088968399e-02
-3.062515405629975263e-01
-4.288274114144012272e-01
-1.030020393994156125e+00
2.212062479933125103e-01
1.976740066189144884e-01
9.405442669477094286e-01
2.488559292665338055e-02
4.892319187867194552e-01
-1.333868778804696564e-01
6.900887328221684269e-01
8.038190902203474764e-01
5.686633464689525574e-01
3.925378834258777538e-01
1.106101599848262618e+00
