-7.916815853324001839e-01
5.702905674945851766e-01
-1.145767119723098137e-01
9.508090272081755057e-01
-6.377289636682264007e-01
-4.644057115573865802e-01
-1.209271555801368025e+00
-1.099164477132129683e-02
-2.412995795673681942e-01
2.109035108653003920e+00
1.190748562341373828e+00
1.571457978821386714e+00
1.394451043423255543e+00
1.078320725129150448e+00
-8.041545412971895512e-01
-6.443098343214502810e-01
-1.629348284314391382e+00
1.371260156874525737e+00
-8.302703070343804559e-02
4.195775324423837160e-01
4.064200367367011291e-01
-1.421478953027284498e-01
4.128893267115993915e-01
2.792247401638422444e-01
-4.080220966075895905e-01
-1.791751894693378033e-01
-8.727510202992505572e-01
-4.991679776546623648e-01
2.260798051308636314e+00
-2.230742049511411085e-01
2.300545550596956534e+00
-1.579154894611803084e-01
1.095445729415488012e+00
-1.392507958972385718e-01
6.403951079677939751e-01
1.660627137877155546e+00
1.176999080638823081e-01
1.786224310290355222e-01
1.412608657292588887e+00
9.195368428804645555e-01
-9.279637697564357968e-02
-1.618385540988181992e-01
-1.052261320876271000e+00
-6.680518380199990114e-01
-5.717181546627846389e-01
2.973506813007015248e-01
6.893706140163178286e-01
-1.980588823160205764e-02
1.607449733914662060e+00
5.877842411266809286e-01
2.041739508325962349e-01
4.938630909690643334e-01
-6.262693539665353804e-03
1.964474479366086490e-01
1.395037126965886776e-02
-1.688715888893903783e+00
-3.438862442598772384e-01
3.552485021883123872e-01
5.329040589519451476e-02
2.135804208129695458e-01
2.348013611185989225e-01
-1.728554216262790932e-01
-1.928929447524724061e+00
7.605398496131640096e-01
6.124714943360921593e-01
-7.335327793161767751e-01
1.220878638104953673e+00
6.504410498394731510e-01
9.078887338077814562e-01
-8.131605868295493922e-01
-5.512041196140541333e-01
2.055362983894236883e+00
1.207660829016056342e-01
-4.853256726339228999e-01
-2.161746451223216958e+00
-6.179615210532984904e-01
1.713557148701313260e+00
-6.590888374990828691e-01
3.649538991903470420e-01
-3.201256369016217684e-01
5.341816799547602912e-01
1.663336131850422062e+00
1.488685902856813348e+00
5.148104358825156268e-01
5.056805662411807401e-01
-7.868331462534319254e-01
8.357410232191311295e-01
-2.528205334442431007e-01
2.076418277569146709e-01
4.189587516761303365e-01
-3.464583488190918770e-01
9.283667747116348679e-01
1.469675166074809303e+00
1.207257910387348199e+00
-4.567428302219797009e-01
7.548298381153006886e-03
1.501199588742560653e+00
5.329148604117954768e-01
-2.169855954920801855e-02
1.449680762435432979e-01
4.484885385781251510e-01
-1.626073916386170604e+00
1.318559541775708444e-01
-1.078375322816677473e+00
1.386410308143462000e+00
1.758670821235600146e+00
1.025872829444639811e-01
-1.745783942961987911e+00
3.306232779756576035e-01
4.204461404657062751e-01
2.996072972228449594e-01
1.618687518407627923e+00
-7.934265232702436554e-01
-4.230752038208944465e-02
-1.358678691484957568e+00
-1.273942509642850940e+00
-8.933670303436813676e-01
9.122859376878476034e-01
1.170942123941594026e+00
1.517851150004297045e+00
5.261539310573065675e-01
-1.799891959468833680e-01
-2.974224712597990816e+00
1.488767450030634265e+00
-1.862806619505125716e-01
1.416385658392097735e+00
2.286450143862421014e-01
3.240814115943658758e-01
3.541563157112491700e-01
-3.300995333032546997e-01
-1.870115738335954014e-01
-1.464988765719382469e-01
-3.243840293655870233e-01
-4.294858130033815669e-01
1.168877519471924975e+00
1.723838588634362567e+00
1.692274378020338643e+00
2.093235410459395873e-01
1.288899738029699815e+00
8.775943179753008250e-02
1.269161835366157565e+00
-1.346325837678364001e+00
1.403946932366091804e+00
3.312663614328300032e-01
-1.020651777498292390e+00
2.388013082107102170e-01
-9.948809784660360700e-01
1.216269996226764932e-01
-8.110976665493491167e-01
8.741594379630412970e-02
-3.367515117309565209e-01
1.552481572021549239e+00
-2.479177771309540659e-02
5.705506774888114974e-01
1.990085008071843298e+00
-1.038951877256362732e-01
1.276277403926816323e+00
2.007897262795305671e-01
-1.730047568838580796e-01
2.377889062784439844e-01
6.613762086395530426e-01
-1.317357731263148812e+00
-9.352041817979722671e-01
-9.290570032408613788e-01
-7.126375912243506638e-01
-1.323914675073109559e-01
1.364288545511594952e-01
8.946597343093529719e-01
7.232485794787415490e-01
-1.462974811090511418e+00
-5.205717251450896199e-02
-2.920356560917775068e-01
-4.351360317640431963e-01
4.721421170123827893e-01
5.250364802686368071e-01
-8.587099568253568904e-01
1.065279000354996342e+00
-4.440338762755582924e-01
-3.573475336543027181e-01
3.838052034394585643e-01
7.125689844726271205e-02
3.281950995927441356e-02
1.662695634984829418e+00
-7.207834092301931839e-02
3.214845775474820533e-01
-4.904922834125330366e-01
-1.070922174533846860e+00
1.425030258966286434e+00
-1.350329901605620275e+00
-1.020442826123475033e+00
-9.542721410901826573e-01
6.009632240154141325e-01
1.114970667347732203e+00
1.054259583408273748e+00
-1.836488345556984703e-01
6.383733900335382128e-01
1.474471551789866552e+00
2.642040426005551446e+00
2.557993445842448477e+00
-1.226154838488332649e-01
-6.155254272018694239e-01
8.614959912357685878e-01
-2.099119226824785578e+00
2.137822882527728119e+00
7.188561586202572018e-01
3.249294213088754768e-02
-6.446009967708021815e-02
1.993160384610387359e+00
-1.905370700753521884e+00
-2.038251418227063017e+00
1.662190938690153663e+00
6.734253403697374463e-01
5.200741850295456103e-01
2.049091115249162431e+00
4.977321394751764161e-01
-6.019095886051597510e-01
4.549884209988747097e-01
-5.048077300169930837e-01
9.918994591015123374e-01
3.200780755318840543e-01
-1.980657314040090156e-01
-5.193983708055748272e-01
-1.337325635270253610e+00
6.115672554635454006e-01
6.332520109535021424e-01
-5.772895696558592027e-01
3.662557264874064522e-01
-9.712707019888758841e-01
2.693205917488024070e+00
-1.925978694824083570e+00
8.053371728076560432e-01
4.773358169667061279e-01
1.479249329409262126e+00
6.124240151485413897e-01
3.257067601043017735e-02
1.716067841799484350e+00
-2.381474758448680062e-01
-5.306761052434605386e-01
-1.392241986879178273e-01
-1.040906810354842449e+00
-1.628183615768548753e+00
-8.071028200036159950e-01
-3.459274712318640699e-01
1.859524510080864834e+00
7.215668647022784876e-01
1.376507133933646543e+00
3.183099256220912610e-01
-1.632962682398579890e-01
3.079778906597540056e-01
6.107486369457276743e-01
-1.397061804075688252e-01
1.746717822284656885e+00
-6.221606581766412347e-01
2.393555682643467852e-01
-1.546535802495934142e+00
3.769434523410747917e-01
9.221740068754155639e-02
1.012290692086694088e+00
1.865602656263655457e-01
-1.116864592606992446e+00
-1.130530290685241246e+00
-1.526911027747089422e+00
-4.877733738081785342e-02
1.782156136871000385e+00
5.335128378983257091e-01
-1.456440218892437688e+00
1.043285934223861400e+00
-1.373114347306703564e+00
2.801997685400718030e+00
1.262163030179305423e+00
-7.781950798181386242e-02
-3.651528940342005924e-01
6.441075197874791824e-02
6.365489577205629690e-02
1.269954405768249639e-01
-2.247405440273682053e-01
-1.217743862612506167e-01
2.669284062613911379e-01
2.371018397064619254e-01
-5.928863230582698263e-03
1.730384871341974939e+00
5.144073647828460716e-02
2.482169424219388354e+00
-1.074730875236870498e+00
9.683075749609522109e-01
-2.510848017651397535e-01
1.185145329214273513e+00
1.047049721674544687e+00
-1.810053681832564654e-01
-1.762991285089832161e-03
-4.302757684820084361e-01
-2.767673873827375397e-01
-1.630940596684962718e-01
-1.026593027076793119e+00
2.355146957697123178e-01
-1.155626702954177243e-01
-1.400670297149817500e+00
-3.493959394490797621e-01
2.496505126987469958e-01
1.652750247149568086e+00
1.754127851229537960e+00
1.125038585766410248e+00
1.536723008052890860e+00
-2.506173251419498094e+00
9.548791051394514007e-01
7.023100316812368460e-01
8.534344830133636095e-02
2.136208946510131379e-01
-2.364805883315145574e-01
2.903572404003404439e-01
1.435620578275736969e+00
1.101370861488046304e-02
1.074955153847356737e+00
-1.741245349808345555e+00
-1.362379664517279765e-01
-1.889897039519724820e-01
3.165531062201827339e-01
1.130192372122288180e+00
1.328971879162541281e-01
5.238297615221740866e-01
-6.707661746609391296e-01
-3.669496095337616559e-01
6.962311563084365718e-01
-1.041889025375387634e+00
3.145764757943195211e-01
8.483913355230376929e-01
-6.228623937900740204e-02
7.262791900684539836e-01
-3.459462584381240435e-01
-8.616625538226375669e-01
-1.397613143973181149e+00
-1.295530715633056162e-01
-1.237506450127323854e+00
3.568825905854559055e-01
4.929398234779784338e-01
-4.903265616912050873e-01
3.933751172485295822e-01
-1.014321242180826310e+00
9.738419678140448621e-01
-1.515507949004680222e-01
1.744595305959133036e+00
5.028891112695366150e-01
6.487024102849168194e-01
-3.275055013949564886e-01
8.927635633993320496e-01
1.413619493319377307e+00
-1.503997061416837977e-01
1.194514480072573548e+00
-1.071950063940711351e+00
-9.044223971807704432e-01
2.557660651178539912e-01
-4.830790858710882207e-01
3.945799224177840708e-02
-2.525365588526375937e+00
-5.635063959857360416e-01
9.327942515577647420e-02
1.257211609730177981e+00
-1.098241780365745379e+00
-2.097899254434122396e-01
-1.241213890726924118e+00
