1.243862151458558912e-01
-1.554840784422938660e-01
-2.869329282210475104e-02
1.003360190377116795e-01
-3.665648229223250065e-01
1.368037944994566768e-01
-3.812141490261505283e-01
3.723299426420922237e-02
-1.817136831906392413e-01
-4.518975245249913786e-01
-6.491326766461940068e-01
-6.100938727583332666e-02
-2.289216584817365119e-01
-8.990696879237916050e-01
-5.103746485795545018e-01
-2.697709086896969699e-02
2.725701145168387129e-01
4.319586810479100758e-01
9.281980772651099443e-02
2.215827826940395540e-01
1.573232789584838032e-01
1.196376688853110215e-01
1.635242410805255453e-01
1.179697190024721343e-01
-1.489477053654741368e-01
-6.488808800775076879e-03
-1.525082292445867696e-02
-1.851669867607094178e-01
1.193156162651568541e-01
4.371865328062079503e-01
3.256418416588323372e-03
-2.874338260613021334e-02
-1.094854551896766864e-01
-1.084538720765788333e-01
-9.810243670155639750e-02
1.182144349380481602e-01
-3.060637562931519118e-01
2.560263345861652495e-01
2.948039002670792552e-01
-9.570824011196979453e-02
-8.396649939762249049e-02
-1.843923240970611332e-01
1.695633720300911140e-02
3.329591243908681109e-01
-7.844537929740480475e-02
-3.524356144978961491e-02
8.713526809138588680e-04
-1.636739505079646828e-01
-1.590928934218076019e-01
4.429352725398617852e-02
6.229307306658708743e-02
1.102529802258264968e-01
1.888122460419144888e-02
9.955940464479155760e-02
-2.337204578001905453e-01
-2.457250651065257807e-01
-2.834781390066341000e-01
-1.081669734686070278e-01
-1.922742179009095387e-01
-1.020465363816990857e-02
-5.569382557230474068e-02
-6.393313604251585347e-02
1.251236960336876702e-01
6.813488653343029167e-02
2.648749952677034170e-01
1.033111291071730636e-01
-1.324192994547361835e-01
-1.452237502986045425e-01
-5.087516530207231158e-02
-2.026474931013655945e-01
2.112877258817155157e-01
-1.854108149069202127e-01
-1.204755975797003331e-02
7.703812996277822900e-02
7.685675522154266082e-01
-2.001578033839684911e-03
4.598459797205325245e-02
1.458973650633692970e-02
2.008924912949469621e-01
-8.118682818389370837e-02
-1.623216990471940818e-02
2.639187574406402087e-02
1.374318065292726675e-02
-2.298083402220444382e-01
1.945220511127580820e-01
1.595144404792461224e-01
-3.426436430748275308e-03
7.803407492196098305e-01
7.115742411419107016e-01
9.238164724497421876e-01
3.668969166556715900e-01
-4.126345389117952456e-02
-5.813925733496620729e-02
2.543185884447956013e-01
1.449123718410844086e-01
2.145230450999557892e-01
1.268803190590470642e-01
1.011162565147547265e-01
-9.672562168910610325e-03
-5.638365147793367171e-03
-3.070139017717396501e-03
1.865937248539387139e-02
6.594960975721400609e-02
-2.494932664588248306e-01
4.457875048606655538e-02
-1.828551663342690703e-01
3.788755907248275157e-01
7.201602442501073287e-02
-1.399922218566798937e-01
-2.445145368586511270e-01
2.439590680694540825e-03
5.678391700754329557e-02
5.563580687146414683e-03
-7.707972567126770980e-02
-1.528736177309686084e-01
1.100585791212330272e-01
-2.278487598147550808e-01
1.178227533931736626e-01
-5.622777217203504124e-02
9.317979869236078794e-02
-5.411147984309914311e-02
2.877689910909940196e-01
-2.429920137310338790e-02
-3.413048604797138119e-01
-1.168738677611415311e-02
-6.784356003210356700e-02
6.777738420907696293e-01
-2.187005439413769459e-01
1.068278896314781706e-04
6.772088206821717804e-02
-1.182843306421237362e-01
1.086255959905033097e-01
3.631820651226395913e-02
-9.776949820873934160e-02
5.711473653774663123e-02
-7.260627169533857839e-02
-1.211273264876684963e-01
2.050814820813300771e-03
-1.519043885921661508e-01
6.169844104225125081e-01
7.790055236338665479e-01
2.621404815693813006e-01
5.025760701644893524e-01
1.198370871810780502e-02
4.677085312315942822e-02
-2.085237764979521735e-01
1.031548793143480247e-01
-3.639579076986600992e-01
-5.399961821994671285e-02
7.451795759331378277e-02
-1.747117540816157388e-01
-1.428688072361063155e-01
-2.941364502680774429e-01
-1.883400384586366161e-01
-1.802045697972070870e-01
-2.789746449214797752e-01
1.666947474853972683e-02
-5.360823733422075826e-02
2.104998811708631012e-01
-1.459335292482809854e-01
-1.044663657177329064e-01
2.137039244844172181e-01
-3.507210200525835431e-01
8.722755400755796695e-02
2.625875478603327193e-02
1.671414400871413797e-01
2.432731452966520047e-01
-6.638091044551615305e-02
2.609397840496477383e-03
-2.967398192620716024e-01
5.225544595432618511e-01
-1.603560707971856680e-01
-5.170207027709432940e-02
6.730446901822313699e-02
3.668916718809874800e-01
-1.691425010882369184e-01
5.869871798187159539e-01
-6.650456692887504739e-02
-8.425384163951804561e-03
-7.246795195684041513e-02
-1.011957845314902793e-01
-1.168673983296125707e-02
3.665764114291633069e-01
2.280293807371955028e-01
1.750253910291016679e-01
4.494857615500516546e-02
-1.747609274325279682e-01
-1.297203467286517364e-02
-2.878736321751316773e-01
-7.789557459897734903e-02
1.591072420592254399e-01
-1.125207648374017821e-01
-2.237182568607866684e-01
3.202982722830232526e-02
-3.394405995733467685e-01
2.148444296454344316e-01
-1.874638588923745186e-02
1.628989000312912883e-01
2.312187400827725725e-01
-9.300972007883237525e-02
-4.112058179304056149e-01
2.426980895038304276e-01
1.582328135280092196e-02
1.629330306639877601e-01
8.338758540134744157e-02
-2.177316835132324380e-02
-3.365022296173009186e-01
3.721206043043920331e-02
1.115994124834581436e-01
-2.899725904384803932e-01
2.396086694698626729e-01
-3.193291085574645471e-03
-1.404580857068777333e-01
-5.339445684972453365e-02
1.081871355353392766e-01
3.054558733373920476e-01
-3.249598847085174436e-01
-2.096632603053753818e-01
4.233832765076364080e-01
5.774606520298182499e-02
-2.135876647151426777e-01
2.968221190186420277e-01
7.228783218982721623e-03
5.423015918340097219e-01
2.958102651934678695e-01
1.605072746736754818e-03
1.036158742118024889e-02
-9.639664076309455154e-02
-4.221883425353748637e-02
-2.049492074354507809e-01
3.241178465307661960e-02
-1.306982535167588444e-01
1.836372514365031128e-01
3.304261638648523514e-01
-3.975174484252013696e-01
1.415748510591358089e-01
-1.060986794619062229e-01
2.792315880845595011e-01
-2.101114992043243979e-01
-6.562296055507770010e-02
3.784484986850585320e-01
1.066752966955208659e-01
8.036692056548562502e-03
-2.674176110626439937e-02
2.205742664473663017e-02
-1.211596621601655072e-01
-2.559607724866575507e-01
-2.286174869085993988e-02
-7.916427050569417589e-02
7.288417879045600012e-01
6.908526407649067114e-01
8.998738487472052183e-01
-2.336840613047704573e-01
-9.016444195070867640e-03
-3.861359610690310307e-01
-2.658303339734806592e-01
5.067041845577219261e-02
1.934924819262525408e-01
1.110673241761846453e-01
-7.040921782084204328e-02
1.640558034347150973e-01
-9.781745691104500040e-02
-5.734711381360453608e-03
-2.717327195980158774e-02
3.660364098753941808e-03
2.442569453274919672e-03
2.284144598793562408e-01
5.590734917051520814e-02
2.013041654626132881e-01
2.303914842947076824e-01
