8.115213690088932119e-02
3.561818912750010918e-02
-4.521670197233727123e-02
3.719711425096092986e-03
3.442522299311273071e-01
-7.050101768280344627e-01
5.910339708789164037e-01
-3.116457012630960977e-01
3.288000827261207681e-01
-1.119374205026289204e-01
2.115450027879298978e-01
-8.487549881186222667e-01
-6.863474875850035239e-01
1.265313913023753123e-01
6.979427448502153464e-01
3.628454954776322294e-01
-2.398368865904194347e-01
-2.236124924319866231e-02
8.978582490720490306e-01
-2.503985081540758828e-01
4.070934658658817984e-01
4.822855569777979023e-01
-5.449165307234140609e-01
-2.567330880128014803e-01
7.012061185306118771e-01
2.334767220559966772e-01
-4.230804522299433934e-01
3.612979009832340549e-01
-1.033917985257328670e-01
-5.768679314512115130e-01
1.108264591414161337e+00
5.362039864536706224e-01
6.452587987619162746e-01
-6.915537100017465910e-01
7.035137151434081755e-03
-8.072988237858960137e-01
5.101532209844437116e-01
-6.111730302097444500e-01
-3.894729998091694956e-01
-6.144034648209961702e-01
4.203718805056952945e-01
-1.190308555437955863e-02
3.381985146939524567e-01
-1.252305831558226112e-01
-2.440667530930444029e-01
1.084386131444346590e+00
3.007039913297130940e-01
-2.390031944861065183e-01
-2.058661045919994367e-02
-1.132893699195165887e-01
1.524827409285547108e-01
6.265073353911375653e-01
-5.221260586643202695e-01
7.422337305831394269e-03
-3.119423396413945615e-01
-4.786753467886842306e-01
2.550292379944699706e-01
4.701601413678681979e-02
4.132323438747782102e-02
-3.137816435507068125e-01
4.132088446479104116e-02
7.088456643765753684e-01
8.476422814051202126e-01
3.910608317009712787e-01
-6.437708268337156703e-01
-1.308450794589560151e-01
7.195045575163661056e-02
-5.495297000417578293e-01
3.514346405977140098e-01
-1.627778575040845499e-01
-3.033467328952628717e-01
-6.893785547918895862e-01
-1.528615681592704334e-01
-4.017268809693877452e-02
1.430812792298926661e-01
-4.542645900376521273e-02
-6.649575464482014864e-01
-1.703184540089908161e-01
2.998341345323448648e-01
-1.444377585038132683e-01
2.524307987610157067e-01
5.809889408522650456e-01
4.668066798792370742e-01
1.705650991595057675e-01
6.423765571594669543e-01
-5.656031963258798534e-01
6.791790535209576984e-02
-3.007632877609926481e-01
1.265979633561221229e+00
2.126410494337288848e-01
7.432878933056287218e-01
2.355030492491312633e-01
7.620228162524522730e-02
-4.767704662830773987e-01
-6.459986165735559505e-01
-8.596923943567557069e-01
6.706853284298867068e-01
-7.152239921465016748e-01
1.045534012414933489e+00
-6.847098315974606275e-02
6.582107369811733555e-03
3.483627109959901436e-01
2.513750761661324717e-01
1.843808940162692048e-02
-6.587980791007775894e-01
-4.499370763732435385e-01
2.783131975879683528e-01
-5.442551530466205323e-01
8.636627643204055627e-01
-5.871377775448777259e-01
1.023079537878906070e-01
-8.608192313963722864e-01
8.436603011042904943e-02
-2.294109337251084568e-01
-4.496552288087141136e-02
2.908493925647289147e-01
1.084421777351834565e-01
-3.326234974005171097e-01
1.782985564712415844e-02
6.800848542893106474e-02
-2.885618555517244568e-02
-2.338109758761051926e-01
-1.182291890945994378e-01
8.246418483297436319e-01
-1.279218097834128043e-01
6.071134771175803468e-01
1.296742999040439714e-01
4.977193276299110014e-01
3.330135345899264826e-02
1.412186736445904811e-01
5.587527071556174230e-01
4.150818362779352677e-01
2.069865980320758636e-01
3.034236755033520860e-01
-3.605866113397210998e-02
-2.092865733159873787e-01
6.205683396070730273e-01
-6.564387177669164242e-01
6.873739442890208773e-01
8.035590504802679890e-01
7.087640655414337298e-02
8.689873143859611071e-02
-5.501952004133033869e-01
-2.320594001910184501e-01
-1.424775957879501065e-01
2.375702492247191155e-01
2.720921351796170007e-01
-3.279932038450475429e-02
2.050247371766874827e-01
8.121340691038211879e-02
-3.512743216559395532e-02
2.956629394966955315e-01
7.966239840604200095e-02
9.171690484743766358e-01
5.426366899547854228e-01
8.981597715202013221e-01
1.109066275716493050e-01
-3.420172630514283219e-01
1.906623104496987320e-03
-3.133366836221406770e-01
3.361353721096834168e-01
-1.085272264748024185e+00
7.435377623630714528e-01
-2.127632766128982889e-01
1.133746315144870953e-01
1.006239511015091681e+00
-1.472697594930565679e-01
-2.893246333184096297e-01
1.852621499746013312e-01
9.067845507845138098e-01
5.900838573074869142e-01
6.207760165739800717e-01
2.812929009553941651e-01
1.764120884744033724e-01
5.132437361551429184e-02
-8.240959380350865171e-01
-2.797676041810291947e-01
7.485494196133366529e-01
9.719895635719352223e-01
-4.211059947659878677e-01
