-2.228539276732432739e-01
-6.599413045262312316e-01
-4.218735897164932469e-01
2.533194571107686976e-01
3.082025902986337274e-01
1.332414974224674364e-01
-2.890996176827401176e-01
-5.479550787186467931e-01
-2.455027020919740011e-01
2.078770023759396457e-01
-4.164167619779177709e-01
-1.717907916678076963e-02
4.265896441588601373e-02
-1.098262515335865497e-01
-9.681777099743704706e-02
-4.820626661871519891e-01
-2.386930642845110917e-01
-2.310807587058920920e-01
7.488556962900584368e-01
-5.595547447845571343e-01
5.415706160223174304e-02
5.036846836772732594e-01
-1.996662487098683214e-01
-3.553428309822486142e-01
-2.290247868871236048e-01
9.215070804063602017e-02
-1.103180464798099863e-01
5.050795629621461780e-01
-1.808057753468771400e-01
4.333227910879818845e-01
7.898820165603974708e-01
-1.162049460774057685e+00
-9.347161293130717974e-02
4.548020522291951195e-01
-4.006910314124608741e-01
-1.001507437548065649e-01
3.473401941515035229e-01
5.075644051464943407e-02
-4.261641168521613232e-01
3.093335610732376173e-01
-2.904232633221264237e-01
3.596403789619605218e-02
6.059921378758326149e-03
-5.629927590406305082e-01
8.839030895441690738e-04
-1.374883970179824888e-01
-2.646426263775620846e-01
4.067489029657836985e-01
3.684832904069098025e-01
6.436116933010360697e-02
-1.990732980055213985e-01
-2.169474673422814304e-01
1.627371192127951074e-02
-9.822502702901414473e-04
-2.053252251466813061e-01
4.753808709083461315e-01
6.294851094860243190e-02
4.977254173624222622e-01
-9.540533603511086591e-01
-8.229272254488332328e-01
4.014861475251794154e-01
-1.788753887056995090e-02
3.512975827100575654e-01
-3.200763390339089742e-03
2.484582888459302974e-01
-3.651211646333260563e-02
-3.484863944464159924e-01
-1.054143985383189652e-01
-3.273980265235985621e-01
-5.680622070286640568e-01
7.774659744618422907e-02
3.490304273816740577e-01
-4.331163788570616124e-01
-4.973489750427123046e-01
-6.029229022589421838e-02
7.165039956928586085e-01
-6.636785467738611777e-01
-5.057010495137165274e-01
1.873643032114399309e-01
-1.449939390107190529e-01
8.043205734799769857e-01
7.189724365846593412e-02
-7.567330988576070894e-02
6.406491414947435015e-01
-6.944884190423337156e-01
1.577050319596560723e-01
-1.637017679219969490e-01
6.182182414636336332e-02
-1.054900962904731232e+00
-5.957037743176860078e-02
