-7.293460611575916519e-02
-1.383093605981425972e-02
3.002184107748098185e-01
2.259592895654245481e-01
2.828370386998472208e-01
-8.075987176389115563e-02
3.607853308099755463e-01
-2.327367565053017340e-01
-3.102933650304513513e-01
-5.941727583318034966e-01
4.381422393169062124e-01
-3.277959370247500726e-01
3.428020567179435596e-01
-6.768118980868971166e-03
5.689299110302168394e-01
2.132212445260531219e-03
2.190216333866040199e-01
-4.089266680057633829e-01
6.583341820610002504e-01
-1.210529669718810181e-01
6.063639944296329853e-02
4.155963355519242119e-01
6.418073307436872321e-02
1.288965536894923214e-01
1.163011456845604585e-01
-3.672764719350840590e-01
-5.182278660081772459e-02
6.523867453614438927e-02
-1.392542637151056306e-02
7.550253014693718567e-01
5.654261791560166728e-01
-3.446062411447978202e-01
-3.473726440714589581e-01
6.857278483760218535e-01
-3.315675213537285226e-01
-4.019042739041978063e-01
-8.838375432813205812e-02
7.523693107314034789e-02
-1.477438648123614584e-01
-1.408300967879868582e-01
-5.313406882174708246e-01
3.478634165651764976e-01
-1.961094336790338843e-01
6.769615188017893415e-01
2.315702472767690312e-01
-7.281480922552405199e-02
7.734423982308634704e-01
1.109556297693822247e-01
-5.705585325928853868e-02
2.270155494981302563e-02
-5.055997477507749860e-01
-1.781185923974998586e-01
5.948612963794484010e-01
-9.647680480123380087e-02
5.329020301131697224e-01
-1.964160427498573558e-01
4.956426284108478297e-01
8.485130735970354277e-01
2.190566873595009290e-01
1.265486410329275113e-01
6.322092351509779606e-02
-1.177181150100340135e-01
3.319632699761667638e-01
7.536307613603761280e-02
-4.116558838939092524e-02
-4.163990472265787224e-01
-2.916678178675755073e-01
-2.082458309528573137e-02
7.086550597464472134e-02
2.187681282935343141e-01
-4.087274869360838503e-01
4.204266778685595285e-01
-5.643828748672252704e-01
-2.308025912672894975e-01
5.076345302012177374e-01
-2.914597796922658302e-01
2.369591136624019101e-01
-1.398016380109688150e-01
4.281824287098245918e-01
-7.532560643699812708e-01
-3.529444883980917824e-01
-1.214365664564875935e-01
2.962762299786479425e-01
-2.967598187663066933e-01
3.716668330067926518e-02
-9.061826838878919710e-02
3.408535233594532365e-01
-1.772908312020224919e-01
3.521309780802490685e-01
1.826153465453846381e-01
-4.867603962605078494e-02
-5.389556388258151531e-02
9.532568096508770017e-02
2.272866969198160392e-02
1.381663225387200766e-01
-3.699833199065105660e-02
8.207905577916203566e-01
-1.981845410532394602e-01
-1.276114231743480931e-01
7.596680168994495164e-01
-1.941585040649353999e-01
-6.051263783036599231e-02
7.998872709008348902e-01
-3.462652936286018251e-02
-9.027470968697176579e-02
-2.616540827840894146e-01
-1.012231122266228078e-01
-1.461192911482213641e-01
1.520949313322375596e-01
-1.480869775711476412e-02
-1.827891835867999082e-01
8.523300305011460853e-02
-8.728817555412448081e-01
-6.533974016492362091e-01
-5.650824048770657082e-02
1.413359316826018619e-01
5.988301364277262562e-03
-2.192099439760855917e-01
-9.454227080839355812e-02
2.547837378356451743e-01
6.479497504319268186e-01
1.025807218892031969e-01
7.248720108998950307e-02
-3.428437876327424805e-01
-9.020785769486572292e-02
-8.498619883465637070e-02
-1.166035696896214058e-01
5.778083701357775714e-01
2.758858351442096679e-01
-2.404017708860964886e-01
8.349693363503866983e-02
5.456794927870015632e-01
-6.805458601022986720e-01
1.724533131697153776e-01
-6.173381634024928122e-01
-2.116866636513050626e-01
1.191347202214276951e-01
-1.066087131235200353e-01
1.545624623737067854e-02
2.511911168387497284e-01
3.183085919159973631e-01
-3.296680690114744405e-01
-2.064634328197818558e-01
-1.659525265546434314e-01
-8.603503826598011273e-01
-1.398771990394442333e-01
2.022864810361998944e-01
-1.252997479376526113e-01
-1.392661559076392164e-01
7.497477053498394217e-02
-1.010961568359417251e-01
6.134729897425463818e-01
-3.161655881922137978e-01
3.570197445535605585e-01
2.066064150496606522e-01
1.737674258051957188e-01
-2.176588759891448510e-01
-3.526877225395159132e-01
-2.359717664141163795e-01
4.579503060655039093e-01
1.391699201616622972e-01
2.077491930258253405e-01
-2.330248855891885879e-02
-7.716038813973030708e-02
-3.168094504454855853e-01
4.265483557784796598e-02
5.993328419282960562e-01
-2.524245023685928180e-01
-8.836380794423334684e-02
-1.514725678331459990e-01
-1.443916872643095928e-02
-3.181386953077597335e-02
-5.115212014022756798e-02
-2.704642411202410890e-01
5.736873750415480977e-01
1.134420461728098545e-01
-5.327879229076902812e-01
-2.284563463128008176e-01
-2.057678245850875220e-01
-2.503035158155457462e-02
-5.137712570394541434e-01
3.439524832405855825e-01
2.206932951686408351e-01
-5.874708531292066604e-02
5.908454765536373943e-01
3.548387397584933378e-01
-5.193658543090207136e-01
-1.658526501925453034e-01
-2.718716963536014219e-01
4.396530592383177116e-02
3.396557702749427032e-01
-1.424089796233540262e-01
-5.619447431123341524e-02
1.122935050875942253e-01
4.489102426455371386e-02
-3.168472691651461060e-01
2.364155036897400974e-01
-3.340431866015433071e-01
5.540644881599369187e-01
1.184560550217219621e-01
-2.348203470553837380e-01
-1.231314282118520231e-01
4.018722497625971668e-01
1.479338828830051022e-01
1.432861202821404667e-02
5.487137647116751005e-01
-2.496684431190862585e-01
2.607665211890046741e-01
3.021970553538733117e-01
6.306527745334018775e-02
3.468889770127271399e-01
7.713246048152758161e-02
-4.458796914220038432e-01
-5.051330142461998157e-02
4.056946110387699145e-02
-1.887652372749769603e-01
-2.100603696451212032e-01
5.479832772200374791e-01
-1.604459039301520118e-01
3.929371031491086241e-01
3.117533728644629742e-01
-2.806477486554885825e-01
1.082506657334343925e-01
1.999785787178477159e-01
-4.041240660005823715e-01
7.353060671738610721e-02
7.101752913568198933e-02
-1.996477123238525886e-01
-1.301878399810282860e-01
7.835322684282799988e-02
-1.106305576353902309e-01
-2.979571990502660195e-01
-1.186690974609622140e-01
2.302988966708402752e-01
5.258894173588720689e-01
2.495001645840047577e-02
7.953337358719177186e-03
2.426837804126784071e-01
1.978488544279164985e-01
-6.131027328137441668e-01
8.053027930706554982e-02
6.338563389803899550e-01
-5.476995201405335245e-02
-2.438727662307747790e-02
2.307875680314499522e-01
-1.776234195307163921e-01
7.123585366472232061e-02
4.954989423615940858e-02
-4.351206486849341082e-01
5.794059900232878535e-01
-4.571982587440101553e-02
-5.722082430848285384e-02
-4.297769635352771678e-02
-5.217786636285950963e-02
-1.020584825693201941e-01
-8.188560179313247867e-01
-6.202384612974918277e-01
4.717817542789134316e-02
7.630737900363988857e-02
-2.040607147202439797e-01
-2.098184036150324561e-01
-4.737071189827893880e-01
7.926196417852804377e-03
-2.666680947383305578e-02
-1.452208653614746048e-01
3.995793246646117680e-01
9.262207938415986108e-01
1.317974612385176270e-01
5.621162522908830506e-02
2.978911623047887369e-01
6.132653499259039798e-01
2.489564769028911606e-01
-2.278569546945565516e-01
-7.983313784346190989e-01
1.133289973972973486e-01
1.811487944763406910e-03
1.981870295410024518e-01
1.594743622504633807e-01
-4.920764431751123436e-01
2.929860347098469653e-01
-3.652925402609326078e-01
-8.860766508536035979e-02
-1.309974795566182515e-01
2.257651578685103411e-01
8.827295911174132259e-02
5.088186133022377655e-01
-1.552257591926600733e-01
-2.708253579926009347e-01
3.732130806526572364e-01
-2.065068726221953865e-02
1.212595988981998996e-01
4.684542930341047823e-02
2.141503017393815433e-01
-2.771059468751370658e-01
6.331200944971213662e-01
1.551024136777245654e-01
2.629719353278451299e-01
6.119784310062154065e-01
2.308268289988591182e-01
-2.452576557978376204e-01
5.817337459557415935e-02
3.313921746652604416e-01
2.045359840152108366e-01
2.310251807317513784e-01
9.914336572091271560e-02
1.754126217677455246e-01
-1.558021580584067201e-01
4.955494384698300170e-02
1.516356892095741676e-02
-1.488552051434831325e-02
-2.421575843728053512e-01
1.049259703836556978e+00
2.120085262693688355e-01
3.916390567017978830e-01
1.172663274769490671e-02
-8.160539284526517612e-02
8.118581770476317183e-02
5.834308555245686090e-02
6.003191586422051973e-01
6.889386786014242148e-01
1.061274090820772953e-01
-6.402315210838186443e-01
-2.271380319650291579e-01
-7.142937258410184120e-02
5.997111066744933439e-01
1.522267220184518322e-01
-6.813714448945379365e-03
-1.115581264899650205e-01
-2.893435156043641099e-01
-3.298357135527348744e-02
2.317979409232813759e-01
-1.035034231388269887e-01
-3.445195217048192537e-01
1.353404058688823797e-01
-1.846166933381003517e-02
-1.130174436661763038e-01
1.157226553825711352e-01
-1.034355535297017958e-01
-2.578819446735997056e-01
-1.469488083694980296e-01
1.631901583241887610e-01
4.062118287147759021e-01
-1.964856138489810555e-01
2.577802241069732450e-02
-2.883295505660385394e-01
-2.936040085413338385e-01
-2.631251616243728275e-01
-7.161532462829334200e-01
-5.983904620355930959e-01
1.765201730574302297e-01
1.059350992744090142e-01
-1.984309752065760435e-01
-2.852727705395481372e-01
-1.084328306431679156e-01
-3.697640626638874772e-02
-1.276527446833169155e-01
1.873884927712119591e-02
-6.499857832953780112e-02
2.645077152805208609e-01
-9.024554382966926136e-02
