4.415428492876569827e-02
-1.279865950909493677e-01
6.963431897319484476e-02
1.037430210767208288e-01
-1.170093839761575660e-01
-6.907248251233092003e-03
-6.872505406685500140e-02
-2.650213856099428722e-02
-1.210079690838400668e-01
5.731007404380261683e-01
1.756074823531068585e-01
8.903294073181684531e-01
5.132004826076423665e-02
3.140788052467355373e-03
1.626056000581511674e-01
-2.469566712583305679e-02
-9.279060313851793251e-02
6.069869222506066864e-01
6.521828478989773192e-02
1.833098302166558669e-01
6.072781394940610644e-01
-6.379230151536886828e-02
8.174366790175613406e-02
9.890562731238079774e-02
1.063318259940505828e-01
1.432883172229311441e-01
2.005409549083833620e-02
-3.580249263412509098e-02
-8.808740772557846488e-02
-1.831136308288936754e-01
6.433347051543792938e-01
8.568566649724239370e-03
1.105992841111249347e-01
1.665179662614474365e-02
2.269191103818354177e-02
6.421066176556480820e-02
-9.498301887368568175e-02
-7.413697158352061667e-01
8.010364736673246389e-02
-1.195669520194058560e-01
-5.914767916240981638e-01
-2.352065550422156176e-02
-1.070389226120518344e-01
-5.671986966517073014e-01
8.941801285885009332e-02
-5.513708782305134365e-02
1.891363047840310951e-02
6.249584183576055718e-01
9.678588397661078147e-02
-6.180463098033558422e-01
5.068322137186778154e-01
-1.105051610309534388e-01
2.059358693030697435e-02
3.494803694328987159e-02
-2.477300391724767126e-01
-2.543578291361414667e-02
-1.475109077008436298e-01
2.751017921219821305e-02
2.212906545785157247e-02
-1.125516380690789742e-01
1.020794584202549954e-01
-8.291390808851895056e-02
2.049629971500839531e-01
1.517523679664466718e-01
4.653524396260658863e-02
-2.683041541792343110e-01
1.606213526487306198e-01
-4.392814282217452626e-03
2.805614559052407864e-01
-1.736355244223159178e-01
5.069829950758227011e-03
-1.217202509787303488e-01
6.438162811207105707e-02
2.272922104873865146e-01
1.189594022089477121e-01
7.471701078635532844e-02
-1.955369761895397324e-02
8.674287336729885611e-02
4.719412802272124341e-02
1.349248292139642036e-01
-1.270257475330097141e-01
1.021545460720268417e-01
1.998751964681204640e-01
-1.184723943103507676e-01
-1.859298499549431050e-01
1.079667361547556083e-02
1.182576423004835231e-01
-1.472421176724099945e-01
5.398713990111567856e-02
3.527887275154875657e-02
-6.880838233232654255e-02
1.189189560890188263e-01
-1.562257807789771413e-01
1.680129877912170389e-01
1.451929580770802142e-01
9.538798568433731750e-02
1.395235887357834104e-01
-2.320421437919096413e-02
4.350664678210981740e-02
5.533798924718190404e-03
1.916052053468766392e-01
1.400000604369703028e-01
-1.694718985199438477e-01
-1.212997440445514122e-02
-1.940577121891935430e-01
-9.207031689400455021e-02
-3.305338013539380060e-02
3.461874393213187906e-03
-4.571153159019624573e-02
-1.784501581263663872e-01
1.000018302344529014e-02
2.338455253788352534e-02
-1.811034795396925245e-01
-2.084645248867320333e-01
5.801625466266932540e-02
2.979397579205707303e-02
3.318749916965960806e-02
4.713067908878872808e-02
7.342698153896663749e-02
-2.226791626507429456e-01
4.005809148750414522e-02
1.384390256038415395e-02
-7.072944243866383096e-02
-5.645851344823699797e-02
1.774431333789677767e-01
1.005905945267609042e-01
-1.828862464283670108e-01
-5.282573173908348962e-02
-1.606502636809543916e-01
3.295893519629546908e-01
1.025347672560028706e-01
6.906496045737786638e-03
1.970831898099149326e-01
-3.562805186310030736e-02
-5.915076605436729584e-02
-9.107373148916436678e-02
1.902423459522515348e-01
-4.844877882584344014e-02
-1.021705822110334505e-01
5.643165834410412279e-02
-2.618590049589984980e-01
-4.789331269114664724e-02
-1.716505519570194482e-01
-1.322928000291289929e-01
-6.828943510033563813e-02
-6.318820579985634511e-02
9.776759148487279560e-02
-8.063214394244067051e-02
3.487685898784247812e-02
-1.936359995689645175e-01
2.840282225642358927e-04
-7.503810712969682939e-02
1.142044604605348679e-01
1.193567902656121893e-01
2.295560163908672360e-02
-1.012658583823918823e-01
6.423577071105357472e-02
-1.249432828055062200e-01
1.897769433319465016e-01
5.457124522223165408e-02
-1.541700245176406969e-03
-7.828005757886230542e-02
-3.303146949872894783e-02
4.723180372938787230e-02
-2.076237230125443090e-01
-3.842923917560824021e-02
-2.400322268318466346e-01
-1.434872160790191253e-01
4.718369946017859917e-02
-1.345306705116794954e-01
-1.591748063858697548e-01
4.791210427383189863e-02
2.755414486577992261e-01
9.704533317580013585e-02
1.852140703811375744e-01
-2.470659237102886818e-01
-2.013944092972217229e-02
-5.887350267646558610e-02
-2.139966505483240078e-01
2.081494393990041547e-01
-1.243311183747633150e-02
-5.420515380317302706e-02
-1.252493439192919611e-01
6.693971769745205025e-02
8.529278865706076129e-02
1.727111227024522022e-02
-9.637507954919763420e-02
-4.985109076554253282e-02
-6.086675439987201952e-02
8.725941215359597769e-02
-3.111309131179109677e-01
3.050780159316859516e-03
7.428448227241584156e-01
-1.377652176406136963e-01
1.474845475780731940e-01
2.262928552539348326e-01
3.355128912726886709e-02
-1.214768043908956707e-01
-1.327698979713695104e-01
5.773531561189987338e-01
3.989002534558849095e-02
6.722848840296201667e-01
-5.999009731869053841e-01
7.162172395351311671e-01
2.499576944163702241e-01
-1.419615031826640394e-01
7.287010015842064481e-02
1.592959090739641814e-01
2.151957995918825639e-01
-9.558053509317367136e-02
-6.675199234028624806e-01
8.305507299621210648e-02
-7.953074947289254931e-03
5.623912148152507839e-01
6.637951924214838262e-02
6.947141329039831226e-02
9.652943355102627798e-02
-1.910923003226448758e-02
5.227651808303551695e-01
1.353152801794269278e-01
1.070497227181453626e-01
6.506387416357174436e-01
4.023017797134377516e-02
6.750769227040354092e-02
5.931833266757883250e-01
4.232196986970235275e-02
5.856310171101288820e-01
4.609480412454228931e-02
-7.613673211137748920e-02
5.760740964952874021e-01
-5.542658149156267644e-01
1.743096699825265605e-01
5.989520325492972974e-01
2.923542291862955000e-01
2.342654991613848936e-02
-5.695346264445384429e-03
-9.518198087348456182e-02
-8.208304634453003623e-02
5.809914173726540149e-02
4.076964474494088053e-02
-5.168589302122245793e-02
-1.322195241734507032e-01
7.035517490559989318e-02
1.803091194220382554e-01
7.773108698385758353e-02
-1.878221379038362282e-01
2.555336118303149773e-01
-1.497671107508756483e-02
-2.296762682929299193e-01
1.487748921215728548e-02
6.196728617436686459e-01
-7.304720016039699393e-02
-9.628419577154090359e-02
-5.424514710012007246e-02
-3.344743562783460307e-03
-2.834715498224959496e-01
6.784641263714821791e-02
1.717886097890170272e-01
5.469904039465921519e-01
7.233738802627864839e-01
6.574731799218827555e-02
-1.482017444395057060e-01
-5.454878194953639847e-02
-1.804112737676210609e-01
8.324472634566471019e-01
2.235380867319423648e-01
6.835226629727320091e-01
-1.650057736679449646e-02
6.328645740264014774e-02
-1.722416764760128782e-01
-4.047228475728995023e-02
-3.940779663258362625e-02
1.563501444294212311e-02
6.436435734273004972e-02
-1.558180343232065113e-01
-1.469783280853072249e-03
-5.730443844106923590e-02
1.170445544443716318e-01
-6.769016706883526080e-01
8.101088282022771425e-01
7.049221670995073907e-01
-1.764774813356959626e-01
6.067907113636681338e-01
-8.883953175822939530e-02
6.901426953518688956e-01
8.276883975000294547e-02
5.896367369612289799e-01
-1.460186595502927787e-01
1.554818602216568035e-01
6.905625032911147376e-02
1.251611236158927942e-01
-4.068177856060024161e-02
-4.788391641284792111e-02
2.031659095363929912e-01
-1.055430064371850468e-01
-2.603804018820171651e-01
-7.583118571752942016e-02
-8.925659055000441378e-02
7.220175345361560248e-01
-1.046422251535546188e-01
1.742323740101239249e-01
1.053361001845246614e-01
-1.802214439547194375e-02
-1.682574642324611014e-01
1.684197703758065490e-02
1.853567456577788208e-01
1.276981535643813837e-01
1.338210407702239424e-02
1.033543065328465516e-01
-4.630231181353844372e-02
-6.654048171028731362e-02
-1.483128595362042529e-02
3.747527081950480232e-02
5.414273249146717149e-02
-1.184620422655798394e-01
-1.745052350770709138e-01
-5.765535245581894508e-02
4.475264832147402005e-02
-4.508013601652594016e-03
3.336524970455038291e-02
-7.547544012433890503e-03
-1.424277655892806915e-01
1.444976855339916155e-01
-1.326901793090731752e-01
-1.151243214680578442e-01
-1.494651723557762768e-01
2.491078582223239107e-02
-5.296500905580000390e-02
-9.609180743706591254e-03
-4.037069472174528717e-02
-2.112040516452966532e-01
2.183385734068884684e-02
2.014162868513091897e-01
-1.004519085468489475e-02
1.414356128807803259e-02
-5.644999515581079069e-03
8.775573987644866292e-02
-1.126250517755599395e-01
3.623720849341642847e-01
-1.310946265270877542e-01
1.363124167329678449e-01
-1.169409221629881257e-01
2.596629508575545864e-03
7.044479979545041626e-02
1.205770853240662466e-01
-1.633158712802557089e-01
2.193587718374164774e-01
-1.677854442682652492e-01
-6.411849897688240429e-03
2.861997024391811362e-01
4.277150819669416071e-03
-2.538726866365444979e-01
9.184274223644611768e-02
4.991853033177111321e-03
-4.713851027384858422e-02
1.154658655015060320e-02
3.046447962187577574e-02
9.444110041619849238e-02
8.784546634937819010e-02
-9.244745827105031125e-04
-7.541495270449671828e-02
-2.962497103556264166e-01
1.881848111057934925e-02
7.787100659854735707e-02
-8.141444674417120525e-03
9.531842014191839463e-02
4.797520738074645408e-02
2.365588550867166184e-02
1.454387503745208088e-01
5.320250094155219711e-02
-2.926781009544588211e-02
-1.829792876574497934e-02
1.676623108152317243e-01
8.005855215419903359e-02
5.030343097407408148e-01
6.044168468707022263e-02
-1.195252449902772240e-01
7.019664962098891570e-01
-3.688366957167510396e-03
-2.769120851219148971e-01
1.614682222311820958e-01
1.301117715952096743e-01
-1.452970260345663733e-01
2.874666199931392996e-02
-6.205496760544810808e-01
5.295441019321129872e-01
-6.078839522405641294e-01
-8.022814458308087648e-02
-1.634680156958138453e-01
-9.269025474284468824e-02
6.691910124066344223e-02
2.307419060534795369e-02
6.890223059543824080e-01
-5.613179171205046059e-01
2.538323432717831674e-01
-1.608622129640321918e-01
1.012186133022277557e-01
3.121821791178261418e-01
-6.283917740239475247e-02
7.045342743724392065e-02
-2.650554670081869957e-02
6.672996113590670686e-02
-5.536769697421069225e-03
6.476568509126656714e-02
-1.117565477336301960e-02
3.886062336793522087e-02
-2.111470785673317252e-01
-1.110115742486563889e-01
-1.382175609007736672e-02
1.816670379580856143e-01
-3.814596017055330024e-02
-1.164064610764515284e-01
1.290379794384823586e-01
-1.781039093783427230e-01
1.694135997987989695e-01
3.455213375872202841e-02
5.131489595017477146e-02
-2.474610816536251812e-01
9.093827073568083730e-02
2.319231863407283933e-02
-1.222657022343856814e-01
-7.384773245069511938e-02
1.510834107612378241e-01
-7.550426441421440038e-02
1.761960627084148967e-01
2.872519582590143949e-01
2.810708006031466949e-02
-5.469269213958192349e-02
2.639483367200407549e-01
9.590737248956297811e-02
8.336792706816913145e-03
-9.590825183929654885e-02
2.464820940179886233e-02
1.504305328136043007e-01
2.449987575096609083e-01
-6.856486143554822721e-02
2.966376170804704837e-02
2.042045024841990519e-01
-7.353795098925418328e-02
1.498285575370352785e-01
-5.471668613701291539e-02
5.802263536169714742e-02
6.085507000406559230e-02
-1.734370674544480628e-01
3.552776548445453209e-01
-9.214309023027690559e-02
-4.414540898910156858e-02
1.609058635470327625e-01
-7.504009910274547779e-02
1.085577914607064459e-01
