1.661740419048868544e-01
-7.147234684071993027e-02
3.538340957534819031e-01
-2.927880330123194819e-02
-2.680605654922098013e-01
3.791883747375998648e-01
2.101708156660360705e-01
-3.627342488613152227e-01
-1.517028767003045231e-01
-3.499074594093111168e-01
1.343340966377535306e-01
-5.222689143604732909e-01
1.225714800566717472e-01
7.667598791475638276e-01
-3.390239885117184160e-02
-1.867490469304660672e-01
7.815694028264651427e-01
5.646396699513922535e-01
-4.076425386120599015e-01
3.728830446740155624e-02
4.106407941697225450e-01
5.099342432888395171e-01
2.941675681280243593e-01
-1.457826187208134151e-02
-2.853400081162473234e-01
3.238988292502849586e-01
1.337018234590007792e-01
-3.756369630429715611e-01
-3.726897816433614175e-01
1.306840451057745822e-01
-8.059183646111682531e-03
-2.057473313666819403e-01
1.752061767721246888e-02
-9.187230235181008398e-02
-9.682703069300417631e-02
2.478521999784544239e-03
-1.279236285245238525e-01
1.135857149814907957e-01
7.077239000332594121e-02
-1.346759466430120789e-01
4.621863195392823809e-02
2.339463189841550772e-02
4.809490156050610921e-02
-1.521796486156003769e-01
-3.797117297509371436e-01
-9.779288266018509868e-02
-3.265570496606757245e-01
-4.756664007059323018e-01
-1.519191983802229418e-01
1.653091508780984709e-01
-1.962619232032162542e-01
2.390012743817608032e-01
6.843452804908632947e-01
1.128828735821834517e+00
2.531349377215744711e-01
4.271871067889949913e-02
1.078422589853563346e-01
3.706448471501462838e-01
4.648011479307312399e-02
-1.047563209443085341e-01
4.844138565278463537e-02
3.925783939662960687e-02
-4.454272993418050275e-01
5.532811020970896526e-02
-8.446958034628465617e-02
1.592035620291707976e-01
2.582140941550441215e-02
4.865791386289460008e-03
-6.424772925469700302e-02
-9.924173748741428602e-02
1.168963345188128444e-01
-1.319017844016557306e-01
-2.097665094826006715e-02
-2.341913754120389934e-01
9.002668691600707040e-01
-1.492377297318380758e-01
8.358202587589649846e-02
6.551964426347117731e-02
1.223048001856310851e-01
-2.048601960064006522e-01
-4.238650900748885952e-01
-1.175459662186552068e-01
-3.309947965459940356e-02
-7.962783729586327131e-02
8.033605530327501132e-01
1.043289742930172403e+00
3.322758747916610411e-01
8.075341785133816064e-01
5.422073604942165836e-01
9.319792045221219068e-01
5.156566983612892452e-01
4.218981514598756366e-01
-4.521289746184646852e-01
9.667898599252751357e-02
5.033406906297985817e-01
-1.410775602278214469e-01
-1.547854845615009856e-02
7.041891893343281417e-02
-3.204343176352019706e-01
1.349104663110616345e-02
-9.750062876756898644e-02
-1.463138136388927868e-02
-1.749624448385448394e-01
1.506140579831591053e-01
1.212739891776831308e-01
-4.375933145826182979e-01
3.887947223485536119e-01
2.075477850926407408e-01
1.036508345960015232e-01
-2.125933475964050801e-01
-7.109958264674591522e-02
8.357466757263164459e-01
1.006514524445318581e-01
3.629003475972184534e-01
9.328866809272028104e-02
2.307873215080436247e-01
-3.088402832358843053e-01
-3.320704994040412084e-01
-1.083992520157885109e-01
-2.740244532137821598e-01
-1.989607256324539553e-02
-2.082918822187157792e-01
-2.239254286212030987e-01
3.213166604274301785e-01
2.105787159654647356e-01
5.482983227975731788e-01
6.557172812259853822e-02
9.246000812526528057e-02
2.039038474833279047e-01
-1.131707822325497687e-01
-4.286948883746086181e-02
3.601927581977560910e-01
8.821132349272346740e-02
-3.779497630830636751e-02
-1.791236517085222080e-02
1.899324707649343441e-02
2.758586053539502370e-02
-1.906924183631415748e-02
1.395667485145313524e-01
2.058798012237145203e-02
1.887601340671802297e-01
1.490144088954142854e-02
1.488159919114480645e-01
5.403271160549515395e-01
1.279773970187694232e-01
-9.086348793406331947e-02
2.728284261656158671e-01
-3.369040652646430878e-02
-1.317896335381093520e-01
-1.262565639942116458e-01
1.758799675329266177e-01
7.810624074531136163e-01
-9.059534847440402494e-01
-4.957110305675594408e-01
7.839116548497189474e-02
-1.692172010365189938e-01
-4.081715151907952532e-02
-1.240723239841830805e-01
2.598939874474345268e-01
1.137085553142347827e+00
8.819573763460305527e-01
2.447464634262780103e-01
-4.320889410711654249e-02
-6.989662293579862462e-01
8.028715588823316651e-02
-6.045156765886625094e-02
-8.568019559560773046e-02
2.424690915667260804e-01
5.908306777359845219e-02
2.279634821492610985e-01
-6.100109135093381013e-02
1.160671590921427826e-01
1.077721374613391236e-02
1.451332558675430262e-01
2.503042707711195525e-01
5.188254927241554570e-01
-6.698698073643974404e-02
3.709994125602773529e-01
2.646685816048942319e-02
7.451811922151003742e-01
