-2.015353806287299987e-01
1.571689341955355146e-01
3.541894681090417829e-01
-2.827579333298861908e-01
6.486692685238168443e-02
2.494443374667550117e-01
-3.580759306804153219e-01
-8.368343735534177208e-01
9.790538787650956282e-03
-5.143456681636197070e-01
3.416983432254612485e-03
-3.178522090075265316e-01
2.945945156166762668e-01
-1.129735128952121803e+00
7.561098676681738961e-01
-5.999406071450676947e-01
-1.213753142635197735e-01
1.443507183876501232e-01
-1.730523915246741026e-02
2.294772801277242258e-01
2.753722079103265163e-01
-1.279651331412702264e-01
5.636469429669610509e-03
1.134273353509715337e-01
-3.345932950563823005e-01
5.316234145827092999e-03
-1.349820470263459971e+00
-3.196000215537528888e-01
-5.861553103501511153e-01
5.113395570734424744e-01
-3.321803655322693727e-01
7.608235633228517258e-01
1.142996299521994663e+00
1.200966501482807702e+00
2.807472560082659441e-01
1.371775544196189023e-01
6.497461322806197259e-02
1.489425546644317921e-01
4.065197534508694366e-01
3.401878739385228445e-01
-3.298193755130221505e-02
-3.780896525727482915e-01
6.418665373528652518e-01
-1.097979036802507052e-01
-1.076789896514469824e-01
1.250987668083224091e-01
-8.837161186450145922e-02
4.290594240262370906e-01
-5.170638575109922641e-01
-2.765186876765901025e-01
-1.740437687952073598e-01
2.682228731326353754e-01
8.638877459724043639e-01
-1.089464673537576811e-02
2.210769724468975295e-01
-3.211094624216292992e-01
-2.857394063533768014e-01
-4.633826594580395808e-01
-8.666640214337065218e-02
-3.876621414004415289e-01
7.712319902123219162e-01
-2.646678313975795449e-01
3.471807949348965083e-02
-4.891262690496519516e-01
3.353130924191781437e-02
9.874203163484951418e-02
-4.016400462587220721e-01
-3.147525830415759396e-01
-1.085500577260249122e-01
-1.522779339380768149e-01
-1.018241368209365089e-01
-5.631740527801222251e-01
4.582969547303668567e-01
8.745216183182841219e-02
3.015030442678674483e-01
-3.880697929206346208e-02
-4.941176831820585230e-02
-1.260506444564355177e-01
2.219884487375103632e-01
1.296469132021570991e-01
1.874465535737131205e-01
-7.956937570666280379e-01
-1.199804096169537093e+00
-8.991621053180903766e-01
-2.094980698242202843e-01
1.760460190915667245e-01
1.550184094938960588e-01
5.935317643327854553e-02
1.101796073145125954e+00
6.548273776861264217e-01
