-2.196828173412895824e-01
-1.127949319912555926e-01
-3.050674614417812069e-01
-7.031285224879941786e-01
1.631481273097863949e-01
1.905798424923910439e-01
1.603888571664549567e-01
7.725165553609480984e-02
9.231627868922607227e-01
-1.039062368614722953e-01
8.846298129695403523e-01
-1.301706258622057633e-01
7.846754953113369568e-01
-1.985305646430636783e-01
4.319398199472777033e-01
7.263049905053083899e-01
-1.653392025702216800e-02
-1.526136250282094098e-01
-6.703386386434592170e-01
5.534535050653528465e-01
-3.820784612181034046e-01
4.523235718034683273e-01
-2.741385256678479099e-01
6.192084161407949150e-01
-4.743752862529961867e-01
-7.897883455213397519e-02
6.416320053048621963e-01
-3.728598282760127725e-01
-1.496785529780655655e-01
-1.606329690931665444e-02
-9.846225446419304417e-02
-3.322092838069275467e-01
3.799812922733685205e-01
-3.026426373482272308e-02
8.232958430990838794e-02
7.307605081059148633e-02
-1.853201173888033293e-01
3.166329390467384486e-02
3.301061143531549558e-01
6.660741567318351208e-02
8.488462387202569404e-02
7.343388925124145761e-01
2.643137168903331169e-01
2.920458858872561070e-01
-1.497842847806409305e-01
-2.885324294578604440e-02
-5.162302690577039721e-01
-2.327350382347307955e-01
5.792311388821738127e-01
6.878670105597886053e-01
5.605552035106035058e-01
-4.885601685710434516e-01
-1.160407735338619961e-01
7.445869120636744443e-01
7.971103006894368903e-01
-1.164406059319359199e-01
-2.346517468096241954e-01
2.476240092520797798e-01
-3.828625842809727509e-01
2.789828750239797817e-01
-1.141807305785237925e-01
-2.553746920127791808e-02
-3.336424704298039320e-03
-2.367504282360179402e-01
-2.976025260497489611e-01
8.996308288934711239e-01
1.840790517400299753e-01
1.160691984875781291e-01
-2.544666772149866141e-01
-7.652684914709068087e-02
-3.572009515417183256e-01
-1.438233514056524442e-01
-5.411898104846110669e-02
-1.019923420817121090e-02
1.886429899718831127e-01
5.391631435060232486e-02
3.135731279752553002e-02
1.034052262338010508e-01
-9.062636901164866643e-01
8.471277307108476817e-01
-2.214790482842956820e-01
5.175896784303014864e-02
-2.544979344426761547e-01
-1.941865267568037012e-01
8.477533783395309053e-01
-6.954382834599202867e-02
-1.228752131446240320e-02
1.163939647152608808e-01
-3.381137620928173493e-02
-1.213302424474173302e-02
-6.414159657259928260e-02
2.378747625702157253e-01
-3.595532431981255939e-01
-2.513361399093668735e-01
-5.456640026379150354e-02
-1.498903298344238244e-01
5.055732627750930686e-01
3.520227037234473499e-01
2.178425211125989136e-01
5.972791765512569517e-01
-4.886916115955274864e-01
-2.366269185923002838e-01
-5.858320154430837062e-02
5.563272515012551017e-02
1.590265588331528646e-01
2.653905327734701336e-01
-2.807967561452848204e-02
2.955966342633220556e-01
-3.467895174295439475e-01
7.891882491476362449e-03
-1.283846764778856786e-01
-8.957558511031922521e-03
1.208453860674946201e-03
6.549625478415521673e-02
8.770444579299274679e-02
-3.740413299883323106e-02
2.173465586946670969e-01
-2.371635263721968978e-01
-1.260891140562586665e-02
-4.480997014415885604e-01
8.409416458137688455e-01
8.167373428336390795e-01
-2.201865316092044833e-01
-9.616272781546215676e-01
6.221645334462704013e-02
9.380141640802998060e-01
-2.854122808367152708e-01
3.679051894697517033e-01
2.403203041158784581e-01
-2.379399602081122000e-01
2.025403241579835922e-01
-1.960942749935098706e-01
-4.045801590737189701e-01
1.428060610369630834e-01
-5.381946769923543483e-01
-2.466747560834202657e-01
-4.180434565884173503e-01
-3.583067409436576645e-01
1.574178645658512454e-01
5.034863503250816552e-02
5.557560624393891036e-02
2.012026119167111826e-01
-4.079716173573675470e-02
-1.247150524397128285e-01
