7.882707447763843689e-01
-1.447283339195389429e+00
-1.929432021709299505e+00
1.943587448021169228e+00
-6.717955747721452431e-01
1.889822368944896525e+00
-1.972580276127382959e+00
1.120419577382068876e+00
1.060569181158996122e+00
5.440432711208929017e-01
1.652823788991980347e+00
-2.776104955594247414e+00
1.147818584268567754e+00
2.281413849583379116e-01
1.164994888512821403e+00
3.254813517616732543e-01
1.904772887437139461e-02
2.033232879030126838e-01
1.098594291469569439e+00
-9.944540533828910567e-01
6.472097924073959563e-01
-1.675674632592827340e-01
4.502985227820701097e-01
4.296087115681812563e-01
4.512583011575335146e-01
8.336409112500264840e-01
9.294634803319756777e-01
2.137579437004362148e+00
-1.620324229965686369e+00
6.959396691412083058e-01
-1.245453643622629114e+00
-4.155767499380680352e-01
-1.549964563184138999e+00
2.212728339300744362e-01
1.746685871468253604e+00
3.625681393192717650e+00
-5.269693043091665530e-01
-2.515723303882517747e+00
1.182088007149509762e-01
-2.244870692245514388e+00
1.240590097745207121e+00
-1.408405741719483295e+00
1.727974542529382429e+00
5.038328277958274981e-01
4.152157957647666930e-01
-1.143875551562167470e+00
1.078917924175873067e+00
1.393203785394657057e+00
-3.853080845534801457e-01
6.030871721016823894e-01
1.647172809555977668e+00
3.199034170660677301e-01
-1.312830705072481896e+00
2.056883640883176712e-01
-1.085525569076719876e-01
-1.735678763218153620e+00
4.732920126187906140e-02
-2.421636517840505820e-02
-1.388687712947067610e-01
9.863399488209514399e-01
3.357406457079145645e-02
5.317377478592717477e-01
-1.372549043700354465e+00
-1.653155666849509542e-01
1.021596858883102144e+00
5.856467699664130722e-01
3.797234987023467845e+00
6.995196761934870944e-01
6.840417301525512084e-01
-2.383481251430633052e-02
1.006032728285690014e+00
3.102059209852162658e-01
-1.374797648950487172e+00
8.334800822562510314e-01
3.502789804462642098e-01
-6.010997581214347907e-01
1.210014840470988728e+00
-1.484058313139513086e+00
-6.933870966768578281e-01
2.479933569859241960e+00
2.839884045401223078e-01
1.620715180369626807e-01
3.384005238829131290e+00
-3.369621846398855869e-01
1.030062307653472731e+00
1.672947599224725135e+00
8.140173359501867711e-01
-7.605206540683554506e-01
7.981070797906146819e-01
1.249300808778676108e-01
1.514908630648591714e+00
-1.043003371120709843e+00
-3.795776405740218795e-01
-3.840802504972371523e-01
-1.075213292010964272e+00
3.830731204763460629e-01
1.795601655857280154e-01
-3.506371685110672431e-01
7.803519990578031695e-01
-8.361620856807295832e-01
-9.555052777626469318e-01
-5.891504273523578972e-02
6.274880820871927556e-01
1.504233108826822596e+00
2.775064164572293990e-01
-9.225179989723729657e-01
-5.205095148034237784e-01
-1.148316244447605827e+00
-8.835027620732237574e-01
2.396982666960365549e-01
1.311844102643110688e+00
-2.131869700876371176e+00
1.958568599370835495e+00
-1.506088987310608918e+00
3.127416995595904137e-01
-1.226389745110585849e+00
1.828387027942813547e-01
1.159475861019504173e+00
2.557066454886844031e+00
1.134856074751222632e+00
8.287029387091287003e-01
5.541117828373209875e-02
1.541286375303787981e+00
-2.989788712552019501e-01
-6.167742754188864085e-01
-1.327334705364646483e+00
-4.665542807592409913e-01
9.120239887494383524e-01
-3.683182509233804969e-01
1.208430340177495399e-01
-1.709912660910778870e+00
-3.864453825119098518e-01
-9.433736144662377421e-02
4.310599481029136690e-03
-7.421405064302868393e-01
4.189094548417439112e-01
2.337353264208783976e+00
3.957311957930470525e-02
-7.400978360794860933e-01
7.346241289166479671e-01
4.842577814826055649e-01
1.619079680257281995e+00
-2.195800914791501968e-01
3.224871318196679937e+00
5.102053488344572285e-01
5.294809402650396679e-01
-3.555001706838873954e-01
9.581760873304467907e-02
2.135333517995280372e-01
9.506014322895305346e-01
4.885551152322784585e-01
1.991291559305994108e+00
-1.390774656092023664e-01
-7.125837779246009251e-01
-5.553143150083724583e-02
-4.392053506845315924e-01
1.616638941445052602e+00
1.310700273730570908e-01
-9.668815327369799650e-01
8.629017053885472688e-01
-4.547014678033058366e-01
-1.493633265825351941e+00
6.180067537648948894e-01
-1.179175541651274195e-01
8.665778054180386936e-02
2.687234355521859741e-01
1.394547981478667431e+00
1.050247905725867126e+00
-1.296658063112017034e+00
7.332077316951756130e-01
-2.289578941217534913e-02
-2.930494075387336306e+00
-1.309491043345143990e-01
-4.250591234163342280e-01
8.397362062428002094e-01
1.915793675910512750e+00
4.823304039791512232e-02
-8.575853269084028341e-01
-9.772551910022583832e-02
1.360453476566917175e+00
5.309005314428478783e-01
4.811999546777517844e-01
5.627827635662872863e-02
-1.459666317029476856e-01
-6.305914339794430612e-01
-5.950828794636365826e-01
1.557603689774819555e+00
-2.438559015439531186e-01
-1.295879698783286349e+00
9.871368191366773903e-01
-3.219532031438197550e-01
2.020399562946311178e+00
-1.950834936474746151e+00
-1.563807973687944219e+00
6.839492642247059218e-01
-2.426813372014619830e-01
3.248286248900215667e-01
5.711992203018173564e-01
-2.099192700320437754e-01
-7.540040887914081780e-02
-1.030841181914101901e+00
-3.102211140285959790e-01
-1.033792856154186701e+00
-7.416936934488560507e-01
2.905530938813249975e-02
-8.413243821116599130e-02
-1.595883780310314304e+00
8.383657506629341727e-01
1.144621658814878984e+00
-2.111468179425636804e-01
2.732204847968972228e+00
-1.092944938205929750e+00
1.104927188265891980e+00
-1.213974752133624824e+00
-1.218389492412657926e+00
4.676660275840076597e-01
-3.972681163715452435e-01
-9.184126395224745387e-02
-1.153185574546479408e+00
-5.104035639108017719e-01
1.250238634608037858e+00
3.894655899136445498e-01
-1.541511885654924141e+00
1.055971460239836457e+00
-9.188738736353867509e-01
-6.493562466926598720e-02
-4.147958317992958555e-01
6.802498278093749295e-02
1.436156990330262673e+00
9.154300672898854074e-01
-3.150620178759444112e+00
-4.275612712122194292e-01
1.557576319460572678e-01
1.206866972568716445e+00
-3.923551313634500437e-02
3.173311856601317871e+00
-3.361777630027296682e-01
-1.410001137448539277e+00
4.218132825491712756e-01
-1.304784941131087728e-01
-1.943663394645519737e+00
9.974489050969446158e-01
8.781631671950944629e-01
-6.459824089140362435e-01
-6.377120928624550045e-01
5.150894874168444604e-01
1.389306797565815321e+00
-9.694844175240534545e-01
3.776958740625457889e-01
8.150556555365682243e-01
-5.836885312517126057e-02
1.395238140383256997e-01
6.372723514812195234e-01
-3.405995375352715460e+00
-1.045184292697515782e-01
1.062430414768765097e+00
1.410917532428793142e-02
6.263130879457952382e-02
3.129341075797022476e-01
5.091175974834423190e-01
-2.736156475779863317e+00
-4.778001342170545840e-01
-1.880109188019723154e+00
-4.322144708319539119e-01
-2.820290491793740806e+00
4.683539328429806581e-01
-2.073153998835616463e+00
-1.671818582908070283e+00
-1.479421895160265787e+00
-1.730446524179419521e-01
-7.667843562863313478e-01
-7.367674635880356870e-01
2.380864283877113519e-01
5.509180340093707343e-03
1.114355585502721180e+00
1.301042198747593526e+00
-2.898199567899189533e-01
4.760074037841259820e-01
5.614477781559859548e-02
2.208987951419853601e+00
-2.086507315450135014e+00
2.129622564935171880e+00
1.507300228605686021e+00
1.531129313691654392e+00
1.032777639703941430e+00
-3.975576716647077902e-02
8.672458936700757626e-01
2.221176243683973706e+00
6.037008367497941341e-01
-1.531096048333917825e-01
1.623768766224565230e+00
2.980443245017175280e-02
8.379860159904219952e-01
-1.067905591913898000e-01
1.678142573901001633e+00
7.232217598913168732e-01
1.704542400124285928e+00
7.458998580027140224e-02
1.625054957832027469e+00
-3.259680755943851760e-01
7.941209549039468518e-01
-1.405842778663867421e+00
1.837875215055801537e+00
-1.757879486571917615e+00
-4.298230499338252519e-01
8.178642877496329344e-01
-2.076482258560592875e+00
2.383883426750137868e+00
1.071228724268664223e+00
-1.599355877411871463e+00
2.639218452826579853e+00
2.584026244305057118e-02
1.274318088208536759e+00
-1.478198992870580541e+00
2.076138120259350683e-02
-2.778404667257543537e-01
9.210124236692824873e-01
1.993088852032049774e+00
2.871701481797190425e+00
1.306731562594863671e+00
1.441053863167140126e+00
1.741968217319265877e+00
-8.267796172046881775e-01
1.926749495683288682e-02
1.394520098249082407e-01
3.353431977332083092e-01
2.151693648545288384e-01
-1.759922443786612112e+00
1.721603370713699066e+00
3.225610245317218627e-01
4.745829099481796987e-01
-2.327672851224171224e-01
-1.443724955853467717e+00
2.782783172612183220e-01
2.051199838023964439e+00
1.507447052173181534e+00
1.875141197518475522e+00
1.133715186349413928e+00
6.364018197862452153e-01
1.103541919852683462e+00
-7.040316297864717132e-01
6.462275448966244840e-01
-4.653917460180615473e-01
2.384001867943848385e+00
8.385102402730802984e-01
4.649718714658355179e-01
-2.814968327197220899e-01
-2.171609263552522484e-01
1.908327895222322046e-01
-3.000569269848043508e-01
-2.868491764052870097e-01
1.065781778025084892e+00
-6.464320372720864238e-01
3.150359032514058022e+00
1.202130018121351895e+00
1.396542710642942886e+00
1.942621802792822372e+00
8.682428333193701331e-01
-1.062841354363415647e+00
-4.373542358378051942e-01
5.305703706246742146e-02
-2.535994623493170730e-01
-2.012314257246585747e-01
-3.965206865859486340e-01
-1.133134749768267835e-01
-1.020947182040023576e-01
1.132518117655366696e-01
4.241312718130141324e-02
3.622030619879726410e-01
1.295755191772721693e+00
-1.051244870370470208e+00
2.179612526693132768e+00
2.028840378487900775e+00
1.571184933529565342e+00
1.293718325653057111e+00
1.916309657533015631e+00
6.214355702256274538e-02
1.203072679989394267e+00
9.008427643487098013e-01
-1.240579406213792590e-01
1.420601156819192523e+00
-1.309625441919440192e+00
-2.330485992917073479e-01
1.181640701472667088e+00
-3.174838188867044886e-02
-1.995832936656765089e-01
1.641156765471909029e+00
1.538583552285218703e+00
1.596503202562995272e+00
-1.717508989945314868e+00
1.748527449422789593e+00
1.360769900985554726e+00
1.234095894457547971e+00
2.615137603675286027e-01
-1.963335272880892157e+00
1.841896170466184035e-01
-1.951958028694866343e+00
-3.164949042010494207e-01
3.688661776525329339e-01
2.512117018688998504e-01
-2.024185859347130467e+00
1.030671467109549599e-01
-5.847105082746910654e-01
-2.203007455589781338e-01
-4.485780943897644812e-01
1.725526384763270138e-01
1.637429885783778349e+00
2.746261076056201178e-01
1.795075183265346208e+00
4.379681159067591589e-02
2.048923946083734737e+00
-1.591108997575726436e+00
2.360125888609894140e+00
8.020223059558729828e-01
9.671458566734422169e-01
8.372850524535784267e-01
-4.302291056668471059e-02
2.091372936130978299e+00
2.043575158978341300e-01
-2.907149256824698713e-01
1.146712684080374745e+00
-1.918135685244511390e-01
-3.050787614231695311e-01
1.188352919085821080e+00
-3.961320121329270916e-01
1.417005959188731179e+00
2.960596315958459623e+00
7.192676816335460410e-01
1.186669556862655739e+00
2.051553301450977695e+00
7.485908656451459309e-02
2.280458529438321058e+00
-2.529368805484309701e-02
1.458540018987476428e+00
2.174191664732907092e-01
-1.106351743680318522e+00
5.921453106677826428e-03
7.071724300541138986e-01
3.331886680285974789e-01
-1.410037198520874835e+00
-8.598541898142077200e-02
-2.580911644358687251e+00
-1.255554289351635378e+00
3.406539629464933605e-01
3.937914960782752383e-01
-1.147912244507347745e+00
-1.422686480766718053e-01
7.355320374005349660e-01
6.244569908358002519e-02
5.561116022452361474e-02
-4.805910554889855635e-02
-7.196238006295355705e-01
-1.129782061150138128e+00
-6.786032983146679243e-01
7.250752896164234240e-01
1.541428570083772431e+00
2.358186355163308434e+00
9.321375365308135486e-01
2.476558019104538322e-01
2.338985779392810382e+00
2.272564479874576993e+00
-1.458439665835610910e+00
-1.412140962928038368e+00
7.673777442068872023e-01
3.898197510543258693e-01
1.146554412127883116e-01
-1.279108328737155187e+00
-4.682925799841556880e-01
8.771909101896310790e-02
-1.517301858761226807e+00
-1.969543822711618264e-01
-1.438165953527821728e+00
-1.833503652328806743e-01
6.381466529922010800e-01
1.162725906390133790e-01
-8.988043074102037844e-01
1.042441666470367734e+00
9.689536744362875487e-02
6.017176272112900737e-02
-1.329759140671926243e+00
-2.408934090958850804e-01
4.607276091058040701e-02
-1.461148542874601830e-01
1.983271524806170305e+00
3.424340187039260908e-01
9.698056194478165137e-01
1.894576232663813808e-02
-9.006868115677948428e-01
4.123795030011334628e-01
1.056697603540679875e+00
1.445688082436979771e+00
1.161707407126218561e+00
4.441387180009879199e-01
3.721453373973249157e-01
6.736294443167542556e-02
7.767270348038884942e-01
1.261323604745962168e+00
8.640548806696060069e-01
1.428212151431332400e+00
-1.462550900848674118e+00
1.994099253053432497e+00
2.163136451222896106e+00
1.567729693636782162e+00
-1.064068972143131786e+00
2.127675016040533329e+00
-1.652604425044831515e+00
-1.307515400452889720e+00
1.196493815458615106e+00
-1.565712790827479273e+00
1.943362672553520382e-02
-2.692815183150492064e+00
-1.941254858501035185e+00
-7.459155822496210675e-02
-9.810293527978580785e-01
-1.027887309900124002e+00
-1.758756831783180319e+00
6.382743536157301500e-01
-6.032085523464009169e-01
1.281728561918469955e+00
1.577772183014574781e+00
-1.985263733623704452e+00
-1.049384030057025408e+00
-5.348109234670378465e-02
-2.961088801035519635e-01
7.771779480732654566e-01
1.850113264727344609e+00
1.107053412998165287e+00
-8.198759761505730603e-02
-2.215165134031764627e+00
4.496508974861125885e-01
5.318126652674195487e-01
3.298061881633572723e-01
6.424806002417609019e-01
-1.146374144751691471e-01
1.313886198874428590e+00
1.315557476714422025e+00
1.516279007297839376e+00
3.511113018435181310e-01
4.141587804719115695e-01
2.869582579696803859e-01
