6.310998496280914027e-01
6.010415900777205112e-01
1.799022502574101900e-01
1.295647565017749914e+00
-1.002046622733660852e+00
9.401307645017286108e-01
-5.342081977703845297e-01
-2.401629724277770661e-01
1.522855363295307018e+00
-5.361549254351993810e-01
1.687039199575770976e+00
-1.627673040859052289e+00
-6.040018892992652377e-01
-5.223994295404588151e-02
6.364351072612186577e-01
4.445985226574416527e-01
-2.379738455553278342e+00
-1.610308839221800792e+00
9.074149291167433740e-01
2.785875592151291436e+00
1.208315437761375621e+00
5.723744357101453462e-01
-2.406949602576983871e+00
2.238954915816632862e+00
1.007140723920704195e+00
1.274579928843427190e+00
1.602488779470692126e+00
6.266191285272726397e-02
-9.486994645591335651e-01
6.209414246120399383e-01
1.371805856375121424e+00
-6.759305463141653814e-01
-1.162773714788823742e+00
1.934536537723430816e-01
1.927547844723422887e+00
9.161627120891118192e-01
1.801643399677792967e+00
6.256078036116838881e-01
3.705966518329203430e-01
7.469467848058590764e-01
8.691406913037073023e-01
-2.532365985012394183e-01
-5.987601900506467345e-02
-1.697859306415693492e+00
4.393186026218509177e+00
2.634754077021572716e-01
-2.058221535107469524e+00
1.329743840198322369e+00
-1.085994850460206829e+00
1.426358236980573402e+00
9.427408929082303768e-01
3.111788285574609958e+00
6.744200568317044731e-01
-1.197476260380041513e+00
1.700497353339914142e+00
-1.999119391428330617e-01
7.188004313547095014e-01
4.716671408134928134e-01
-1.183278963410087981e+00
-2.500255861790701140e-01
-1.960144839781967907e-01
-1.695960090075199656e+00
5.359276788099478495e-01
1.170387227929059248e+00
1.594721085905507207e+00
2.359528503758323126e+00
-9.515415458027276507e-01
5.211214267858357285e-01
-5.963555607370846223e-01
7.086957276260197336e-01
-5.461779435109751502e-01
-2.434402184638144284e+00
3.379396497116431419e-01
-8.328322176364300056e-01
-1.317265425801797729e+00
-9.286894512015430037e-01
-1.336795508781314368e+00
-1.370891555296347875e+00
2.035582846475452179e+00
2.705681207629378471e-01
8.672782122498265411e-02
-3.832240135602356101e-01
1.891910703909232661e+00
2.484802839988706324e+00
-3.330719954275700445e+00
3.045742492983527505e-02
-1.545807629082467383e+00
-1.257012952133765626e+00
9.500005324342108981e-02
-7.858905661673745158e-01
-1.584494959231621980e+00
1.150481128629952110e+00
5.239243598134140090e-01
6.425595026431250023e-01
-1.216741893019758214e-01
-4.821906741530934681e-02
1.004485246788243247e+00
9.340865915005046594e-01
3.564108064319798652e-02
2.224012629858593271e-01
5.568007544348316795e-01
-2.360293966165252222e+00
2.634745058049947630e-01
7.004740790008443518e-01
1.863324961916373868e-01
8.045929562989793116e-01
5.276519737425643397e-01
-6.352038879158621310e-01
4.118083007921684024e-01
-3.112360600199490790e-01
2.842892764878213185e+00
-2.633132865936885780e-01
-2.053916194019890895e+00
-8.616786801574914945e-01
2.542745228219398967e+00
-1.166341804428423501e+00
-1.092653611224944088e+00
-1.664344287575451053e-01
-9.636096029003220487e-01
-1.363994008538786495e+00
-3.992551761538898347e-02
1.693427165091045128e-01
-7.009010116668961121e-01
-5.139033223929820871e-01
6.300284445110794218e-01
1.341118543524366380e-01
-3.506005030913177833e+00
-5.314643635655500464e-01
2.159835883044634863e-01
2.027179283628805173e+00
-9.249847032230572585e-01
-3.378726085028309067e-01
8.303169584219491917e-01
-9.658635468521520329e-01
3.489917316240319423e+00
-1.252124465021032140e+00
7.567247804743915118e-02
2.222741369957018653e-01
1.003712500535302921e+00
4.092867380263864874e-01
1.329944882552580587e-02
1.091881021676383234e+00
-7.198567967436695358e-01
-5.906891537738964137e-01
2.420223098656864025e-01
5.480576153306815357e-02
-9.295524374883310514e-01
3.605785280444349095e-01
-1.532647793690303795e-01
1.611522603672037590e+00
1.311915360899798433e+00
1.555652110178483705e-01
-1.049669208657723951e+00
-3.513164984242710398e-01
2.663781547511350212e+00
-9.248981306208126085e-02
-2.493310581968460893e-01
-1.084468428529114847e+00
7.956716252160472846e-02
-2.683715471884732917e+00
1.948922680218656556e+00
8.336278677711650431e-01
-3.057654421904921760e-01
3.219795606330327686e+00
5.119403859924233080e-01
5.418728716565524017e-02
2.803463009858075949e-01
-6.261815588840142777e-01
-1.482254942114126228e-01
5.949392897763341459e-01
-2.793969623424566784e+00
-4.480291575837149765e-01
-1.593751936771309108e+00
-5.098306041768813079e-01
-9.819430163733667838e-01
1.567160474146324978e+00
1.794057805661689819e+00
6.623986707870593849e-01
2.313735738485196425e+00
1.136580113303736539e+00
1.919018825213496315e+00
-3.694664814527895413e-01
8.160568528653100451e-02
-1.519936003293602400e-01
1.183476222606681061e+00
-5.207117125219546949e-01
1.885582340897635323e+00
-1.539685564218863378e+00
-1.764860769448289401e+00
-1.980852669111454301e+00
-1.138140058729127047e+00
1.876268007512804648e+00
2.329533685835445400e-01
-6.341559184106958513e-01
1.382009393413796416e-01
1.426682748161972381e+00
6.691223983299052769e-01
-1.613490410277329534e-02
5.240522626810745210e-01
-1.176494605074782651e+00
-2.860622724541288520e-01
-6.449473070149273068e-01
1.168855917563461855e+00
1.547265163884021799e+00
-1.470422316134118335e+00
-7.771397487839970530e-01
1.056776305757354706e+00
-7.394851281772030216e-01
6.622567003806373309e-02
1.176866197060431052e-01
1.081026849330398498e+00
8.731334098585502579e-01
-1.859772822571942097e+00
-3.941134105014775235e-01
1.831637588749958634e-01
-2.154702335314716777e+00
-2.308886313174567384e+00
-7.366546684937986811e-01
4.905679305818264613e-01
-4.644728099941053401e-02
2.316776464027514026e-01
3.091721543499749703e-01
-6.906276823665160602e-01
-8.848972876152172429e-02
2.312391079894769774e+00
-2.023505114794178494e-01
-1.781945595262478088e+00
-2.378719200743449225e+00
1.964402421064890047e+00
-2.562748298210991926e+00
-1.112865874211073081e+00
-1.610573204219842181e+00
-5.750855647550634497e-01
-7.244555549771879432e-01
-1.138493184261489599e+00
2.240802758323666710e-01
-5.309268559138234922e-01
2.723461839350900249e-01
-2.782772727029998006e+00
1.371446675798922099e+00
1.465198352308852092e+00
1.733585591463945752e+00
-6.323609566049935848e-01
2.284468485996056675e+00
-1.297157804971012629e+00
1.225719024655030465e+00
-2.311758801034345279e+00
8.036540840263155516e-01
1.443549654359937318e+00
-6.704486274184191519e-01
-2.270052882755169588e+00
5.040974610875063044e-01
-1.311426542921854121e+00
3.486182456569588695e-01
-1.435742337668109769e+00
-7.881054219676868478e-01
4.770541640274626460e-01
-6.840522686876646663e-01
3.657806682716646662e-02
-4.017806435897202100e-01
-9.399337469682728097e-01
-1.101266731588730785e+00
7.961975603553843595e-01
8.858561192260243633e-01
1.025389460634397620e+00
-4.672081651431448934e-01
-9.406798414490962212e-01
-5.275862746697420613e-01
2.456231231075930166e-01
2.632728328988744315e-01
1.120528327155644543e+00
-2.403325150280929190e+00
9.099535210138059993e-01
5.507495021424930748e-01
1.219035872406222687e+00
1.032547357434838498e+00
-1.926921881936266345e+00
-2.399963405759331536e+00
-5.009555450038521984e-01
2.559673436813737490e-01
-2.083117836881004159e+00
4.964986074227902835e-01
-1.924906746030013771e+00
2.473855441470144134e-01
-1.374594443302276980e+00
-2.510092876062990364e-01
-6.168571509890813376e-01
5.053732076511566751e-01
-1.295594174979547430e+00
1.469071900604995262e+00
-9.326186090378538740e-01
-1.817280306283113878e-01
1.849545979551830310e+00
8.673479043979300807e-01
2.596231402852916759e+00
2.689060518875386663e+00
1.698455177282405248e+00
7.821997588316593752e-01
6.079675168807148200e-01
1.040157356858420368e+00
-2.649605260474013901e-01
-1.085563578401396168e+00
1.874878451951800251e-01
-6.574314877406879365e-01
-2.266750732939237789e-01
-3.282986311037131566e-01
1.122876195551347767e-02
-4.928035510296355781e-01
-1.493311396793662649e+00
2.132965602229941027e+00
-1.350274500737868477e+00
7.726272164537917320e-01
4.883488423938707745e-01
1.258907358068293458e+00
-1.102842253020239527e+00
2.258525582797243469e+00
1.024488626790657886e+00
-3.464285992695881333e-03
-1.563668467684724561e-01
-9.314849857060645277e-01
-1.675345685791618244e-02
1.712564530848963207e+00
1.327148875435403053e+00
-1.636563845674266826e+00
-2.725214352976854659e-01
2.838319222396407104e-01
-9.315709858480495376e-01
3.455096826235047880e-01
1.893606760109276088e+00
1.577927647536776057e+00
-1.998478416370437438e+00
-8.051497480422011854e-01
1.010776537105038786e+00
3.277564333059261870e-01
5.189229903475854888e-01
2.308507090266848083e-01
-1.740137711583015223e+00
1.746967640053036952e+00
8.201231872751459928e-01
-1.145091177662965976e+00
-1.825700134381310846e+00
-6.463579525077156607e-01
6.738348753325212881e-02
7.899972470178586725e-01
-9.988063429490785516e-01
-7.044031996274461305e-01
1.792148858118010890e-01
8.122865760052128126e-01
1.163327478701343232e+00
-1.444407772231482756e+00
3.684836036899619138e-03
7.511524486068912321e-01
8.403496231259739435e-01
2.099301096958163804e-01
1.056307243460814504e+00
-9.863067624355281726e-02
1.921021383654040737e-01
-2.399243384784755406e+00
1.654680627721481834e+00
8.572881901109006275e-01
