-1.617128921650931583e-01
-4.310441719537601024e-01
-1.362145263968730646e-01
-1.060338843062680475e-01
4.247495225583888812e-01
3.346232701496251738e-01
-8.967961992003299632e-02
-1.568362677743480038e-01
-2.289345438833374768e-01
-1.474462659826940303e-02
7.348560387584430753e-01
-1.714491675350641731e-01
5.743739301452144286e-01
-1.279283936817682266e-01
5.293592941630169690e-01
-3.761999868256158952e-01
6.506919506508275219e-01
-3.531011715484583258e-01
-5.463276299886654641e-01
4.493875103910564828e-02
8.197286822594543332e-02
4.006127217057978696e-01
6.375468150444726922e-02
-1.041444930020294507e-01
-5.809774300569296723e-02
-2.991956635270827669e-01
-1.251093225662056607e-01
1.935025397225283161e-01
-2.101797155686147833e-01
5.147862566174679078e-01
-1.462906300221654410e-01
-1.954360098706270643e-01
-1.636314143115043529e-01
-2.597634194633344218e-01
5.833102293729755528e-02
-1.213549094525233629e-01
1.013867978606560472e-01
4.040532238570194307e-02
-2.821101300021388592e-01
2.543552519260154909e-01
2.447248121825809086e-01
-2.986564152792376414e-01
-4.933514883956256758e-02
2.157301554807618538e-01
7.871657499057550522e-01
-3.785783372297787386e-01
3.391054070339888371e-01
7.548496583261291581e-01
-1.405460250409604206e-01
-3.107469013763152765e-01
2.475140395597364151e-01
5.273535860819509313e-01
-3.203113526877694739e-02
2.638664408924460414e-01
1.752420578029113551e-01
3.461752912729497422e-02
-5.866255940836295757e-01
7.443553686886321408e-02
3.207882348494284774e-01
-2.204551984500422446e-01
3.274953125765046186e-02
-6.744797978985542231e-03
8.092572975022954695e-02
-1.512100111703871264e-01
3.246720213531541499e-01
3.198207598000508967e-02
4.703005358885292697e-01
-6.530055651046981491e-02
6.674870009035931417e-01
-1.079911578679927514e-01
3.857828732553017503e-01
6.336721545012480306e-01
