-2.702601427811727186e-01
3.322300167784296432e-02
9.012503658949494456e-02
6.005659736023705175e-02
-5.535210692190893900e-01
3.745454442141767371e-01
3.678224110843986150e-01
4.775691825244099409e-01
-5.744003909436423694e-01
4.687549961842703006e-01
-2.747150713373558983e-01
-1.037796859489760415e+00
6.818156027697634958e-01
3.321986246870321513e-01
5.950673264620136571e-01
5.238708045998217155e-01
7.351888317456748423e-01
6.071881556366258703e-01
4.192687483147319316e-01
2.162272185314932926e-01
-8.205037508088219855e-01
1.886475403532959783e-01
9.097231026434002277e-02
1.375800701007772464e-01
1.030030129192002902e-01
-4.510811472679406853e-01
-5.570121241117962363e-01
9.333342707613326295e-02
1.336640000633294578e-01
-4.902794715234919942e-01
3.660335096367629548e-01
-6.890815558469791380e-02
1.343714987814471629e-01
-5.186800854214292933e-01
2.690102693515937227e-01
2.617852284850685773e-01
3.204090513317274236e-01
4.103917243012565885e-01
4.970040007805387461e-02
3.083215575509171691e-01
8.406231756447861692e-01
-1.121403515934987771e-01
-3.801572763814014544e-01
5.901596433235392070e-01
4.384392932879363491e-02
-1.898706656392961656e-01
1.710014725056684670e-01
-4.526387988940333562e-01
-4.660308710791769560e-01
2.788854949308509079e-01
-3.711025088997607635e-01
5.044284895452807449e-01
1.235009791354329256e-01
-9.626405171012311635e-02
-8.116480514409316060e-02
-3.267126919558180353e-01
7.226764461658363725e-01
3.944916782941675915e-01
6.305781063036905998e-01
-2.912028733600795505e-01
-2.662951205954086631e-01
8.354793831023249462e-02
-1.995202297280271597e-01
-2.519375550718553486e-02
-2.220263713905705483e-01
-1.263064612694912991e-01
6.551229714305872864e-01
-1.221396167198900498e-02
-3.532317221477965230e-01
4.322989840761010116e-02
-1.099127079819982311e-01
-4.261682207180232940e-01
2.161967901659597735e-02
-3.157886588070424327e-01
-1.069815768963433694e-01
9.599223784105258284e-02
-2.001852085400517567e-01
3.055785057728412357e-01
-1.466387552167960351e-01
-9.101409885197195293e-02
-7.873379308112607999e-01
-2.558947439892647058e-01
5.070040975898375546e-01
1.143301201796814853e-01
4.421722327184688384e-01
1.142687391316189904e+00
3.766583511470474877e-01
-2.773565631333968495e-02
4.236074637752960670e-01
5.575892272273679229e-01
-1.014998255572088087e-01
1.482116291098248828e-01
1.400201776213105820e-01
2.186940035818228933e-01
-7.206194113942325785e-01
7.926092078300699117e-02
-2.347358238443875145e-01
4.051497224591569801e-01
2.042905422253364911e-01
-1.320400420237864414e-01
-6.152989273007629378e-02
-1.332048680004144225e-02
4.275316080276999609e-01
8.713982713834059202e-02
-2.546349847900119534e-01
-3.198331750728560241e-01
-2.091920223933070311e-01
2.407316318404355560e-01
-2.288333454109275356e-01
5.950432524918410904e-01
1.375784628929047904e-01
5.714231360858026965e-02
3.090472450582154029e-01
2.320555937530195678e-02
-2.858688529955805691e-01
8.768807734541474996e-01
-4.290188152657680165e-01
1.115348999913007566e-01
-8.724293663171353574e-02
-1.503530450460429657e-01
6.922165366146184606e-01
1.290894558533133007e-01
-1.807282296196510707e-01
6.910520670074052907e-01
3.620339330538050460e-01
6.369809663735761518e-01
-1.809466413845535471e-01
-3.568715927795268472e-02
-4.614016862047471967e-01
-3.885520196862182751e-02
-2.976433412210293117e-01
-1.828998658632763896e-01
-4.346678984091810471e-02
-2.723738744364867514e-01
-2.955857716312257355e-01
-3.129570794589981997e-01
1.138172129493474211e-01
-1.180600328979070426e-02
7.021255644902200110e-01
1.863936305915168401e-01
1.672973450587613153e-01
1.187071475521878638e-01
2.562580862105748314e-01
5.415116760124855100e-01
7.190470196693604654e-02
-1.901694220805632829e-01
-1.356688779211674689e-01
2.098370137009756276e-01
2.572103354036054182e-02
1.979247228787537893e-01
-1.811369354474743898e-01
1.966757295945723016e-01
3.381120429165923591e-01
9.321130459250570599e-02
-7.169445915917149748e-01
1.265320860892942545e-01
5.903859375869590087e-01
9.052715159083198904e-01
-3.142477422166449208e-01
9.854347386812961629e-01
4.025542069343007734e-01
6.842896783585564746e-01
2.235740800012009366e-02
-8.914114096104056029e-02
-7.908412784178195931e-01
-7.671220714680745956e-02
1.530546162851395831e-01
-2.415867428896258107e-01
-2.648908669626186541e-01
-6.320393068558707861e-02
-5.445749528624135305e-01
-3.706643228377532462e-01
-2.621002756287897917e-01
3.071167993042916433e-01
2.418383443402750688e-01
3.651039734687810401e-01
-1.120386238224104353e-01
-1.644672951927319826e-01
-1.466543017345707245e-01
-1.032742462984815035e-01
1.803731982721581695e-01
-3.546395237308425097e-01
-9.071507887695691441e-02
1.927492357676358903e-01
4.903231559496103176e-03
1.896839920000403246e-01
7.735130675807522227e-01
5.364145448221264989e-02
-1.005275048231830393e-01
8.411635700557658080e-01
1.814181588957296531e-01
-3.061905831217949792e-01
7.374230177727242319e-01
1.074824251944255682e+00
5.113836145665642818e-02
3.768279340088415696e-01
7.434941749539178968e-01
7.591101968879405693e-01
2.712297828493070995e-01
-2.199614355809469124e-01
2.122323458035868249e-01
-1.284519854943443340e-01
3.113638394433947409e-01
-2.000203687418481424e-01
2.390468098791763973e-01
7.344241604699104364e-01
1.695149036942941723e-01
-5.034421869541834127e-01
-2.227279871527441599e-02
-3.946830521085271659e-01
9.750402581559947102e-01
4.831713245092921771e-01
1.262009463943101761e-01
4.918571396387039218e-01
5.294770603646948431e-02
-1.086345946979537236e-01
8.292164182628140867e-02
-3.823818455154820439e-02
-7.407975067825238458e-02
-2.219606193682264333e-02
-3.069243693299648634e-01
7.582524063508605527e-01
9.560994420634448543e-02
-3.696970479063510506e-01
1.423236128217970076e-01
2.598189018140986684e-01
-1.320642279661567442e-01
-1.456921419419738017e-01
-4.104967770287015760e-02
3.214923647702238596e-01
-1.928683443631746541e-01
5.030895478079167038e-03
2.201865938244920995e-01
9.298775491468286303e-01
-2.923439324190805766e-01
-1.054711156612504475e-01
7.755248042559168553e-01
-1.278366793069698748e-01
2.628547329392127985e-02
-2.359614301426373184e-01
4.277052563120397471e-02
3.757697710402047031e-03
-6.915800951395278950e-02
2.939336533935181794e-01
2.936470973534582862e-01
4.186257155045512990e-01
1.150496385826045742e+00
5.038799729138118133e-01
3.361648800578733720e-01
4.168829313029337458e-02
2.031845332525083481e-01
1.920187527172907693e-01
-2.019040682369991901e-01
5.238906495210570585e-02
-1.272669243023951402e-01
5.279175780418818853e-01
3.273158662482136133e-02
5.166271167550614551e-01
-1.379090873256738625e-01
-8.324484624302505575e-03
2.337018301176935209e-01
-2.739184183926499094e-01
4.373074341586319358e-02
6.241817392180672164e-02
-1.468328594439177737e-02
3.454319722984205976e-01
4.734183112557708434e-02
7.436955953031293420e-01
-1.033242381239021235e-01
-2.718448839718989873e-02
