3.950100718568020364e-01
-5.287214637288341068e-01
2.562119539268318258e-01
-4.475096718969308052e-01
-6.143428094097858061e-02
2.193281965128496269e-02
-3.948308160293038105e-01
-2.845870766682468966e-01
-3.482630143029156189e-01
1.470689638377953301e-01
-4.089386069940422752e-01
-2.318096656255961563e-01
-6.210261449221642360e-01
2.088427951941785876e-01
-3.817724753593298992e-01
-4.606489491705599848e-01
-1.240320911650933056e+00
2.728379169039366059e-01
8.606578918246404752e-02
1.208933097716402560e-02
1.912841376721965414e-01
1.762858859458407979e-01
-5.232323717977502286e-02
2.790036634591945286e-01
-2.277702379736074034e-02
3.781584645913621534e-01
7.588532825257608971e-01
-2.744411754908205325e-01
-3.147055028292011780e-01
4.723401623557495210e-02
-1.275654526979258518e+00
-6.166017295663056563e-01
5.033076502409620234e-01
1.654740424104197416e-01
-3.228376451830656801e-01
-1.383846646396285074e-01
3.338579818722717252e-01
1.229232805206336376e+00
-4.476513131379435961e-01
-1.853234144939752970e-01
8.151635242048507757e-02
6.471493720361242152e-01
-1.262835614999166245e-01
7.444335526556666860e-01
-6.561467300095513711e-02
-1.000435736364135852e+00
4.860166393336007862e-01
-9.959643434730901523e-01
1.206558022545283215e-01
-3.635819804287988566e-01
-4.407108404133867202e-02
-5.036239909571372797e-01
2.845289939699186497e-03
-1.896378805306556947e-01
4.835955640464035810e-01
-4.414776737336343349e-01
-6.001346567531559151e-01
1.153413790921549720e-01
-9.929084629385398486e-02
-7.112109036209230961e-01
3.225440155978306911e-01
1.944422936023640913e-01
4.291875476276182377e-01
3.065647635995599196e-01
-2.001117542325459575e-01
-3.319808675706372725e-01
1.157457700495655439e+00
1.529995313857438755e-01
-5.300272217440378242e-01
-6.832086785445399268e-01
-2.062680161990685379e-01
-2.742939876158978496e-01
-3.538879784474203705e-01
2.310481394185951998e-01
-4.429591732056764042e-01
-3.617723799684441910e-01
-1.239022053825377667e-01
9.994435656479008778e-02
4.269034997986788649e-01
-6.543399014600695951e-01
-9.908705402414733632e-01
-1.114450422159884851e-01
3.514877294382746098e-01
-3.257396557166559736e-01
-7.261523779681029467e-01
1.733042856546744281e-01
-4.759576809662643404e-01
-7.832075696208324889e-01
-8.372113406437035055e-01
-1.156786036731835221e+00
1.020198966937263252e-01
-8.350500726118069428e-02
-2.930542807234743918e-01
-5.112604593067985315e-01
-4.382666378720118106e-01
5.157681912628647725e-01
-4.713919811204279053e-01
-1.078721875341696473e-01
4.154300984595804547e-01
9.097270237649899283e-01
-2.450210162266119318e-01
-7.192108054748624912e-01
-7.240421369690375197e-01
6.697977386511683173e-01
2.620050481072659920e-01
-3.043914827509663357e-01
1.125556127817739505e-02
1.913770872534166778e-01
1.076601866922843598e-01
-4.228073626212803249e-01
5.381428434972734820e-01
4.669250753354840522e-01
1.909360463762871107e-01
1.668191667968987879e-02
-2.988716282704141636e-02
7.671352186971345244e-01
-1.765975938208686480e-01
5.144082994639239681e-01
3.297725311778973989e-01
-5.574859078338476048e-02
2.130038594066078206e-01
3.003158923659637880e-01
-5.920905080886739169e-01
4.389715375641440320e-01
-5.523813533174759538e-01
-9.242507308609473338e-01
-4.180721661074812134e-01
-1.021185396242721005e-01
4.682856596863956278e-01
-8.223767301632603499e-02
1.795631633189790355e-01
-7.252760144441949830e-01
-4.151668504402007964e-01
4.224030936073122633e-02
5.509358846969290013e-01
-2.694075428923241589e-01
6.333122209330437347e-01
4.292315673812981958e-01
-5.856950933132214487e-01
-4.284103861336756580e-01
2.055004795126791628e-01
-4.034597201125540988e-01
6.549644085877570632e-02
-1.244147175891189283e+00
1.200330618048147807e-01
-8.126260014851470759e-01
-6.723853547175564493e-01
9.110617395731157586e-03
1.409422519815664854e-01
8.054164854265064011e-02
-3.620047826875036900e-01
-6.513391252487703287e-02
-9.477416559068924107e-01
-3.079241742777081847e-01
5.115210641150419457e-02
1.363036412768001138e-01
4.435468433560330603e-01
8.883250548555622628e-02
1.776426346673145584e-01
7.080257063574960097e-02
-1.250420299001380464e-01
-1.003642584460628234e-01
6.282196517085973930e-01
-7.029767785255860435e-01
1.095155731554056933e-01
3.166033505984346963e-01
7.871295532603554967e-01
-1.059888863968840578e-01
2.231216842785568311e-01
6.633447136275510969e-01
-1.034358639320678064e+00
3.056295478859192838e-01
-6.379874865212689095e-01
-6.823148077857558169e-01
-4.443648041879390553e-01
3.668210724952358226e-01
6.480885796018586165e-01
-1.578355501036712849e-02
1.119658141962716347e-01
-5.158897239978316174e-01
7.952317172524938638e-01
2.558161846350567314e-01
-2.521278274828037125e-03
-5.091835612672986899e-01
-3.210202226649838675e-02
-4.011076104251954932e-01
2.522705272240022834e-01
9.214222718916013077e-01
1.750055748702650515e-01
-3.382390987381411196e-01
-2.601254889999122799e-01
-2.678882276602555512e-01
8.177121877384394555e-01
-1.603062443532447534e-01
-4.046683841908336188e-01
4.971375296260637233e-01
4.339458282326659200e-01
-4.210186050057138640e-01
3.363999285675972617e-01
4.028981761383068627e-01
-2.924910571816083382e-01
-1.065919752551009569e+00
-7.043605281566074350e-01
-9.793691960873221469e-03
4.618166834128001330e-02
-1.445806950993960560e-01
2.366512975255617990e-01
-6.210098524562993605e-01
-8.786869222603442831e-01
3.086671225180871447e-01
-1.201655875099725546e-01
9.789881467135582715e-01
-1.867815796334756362e-01
9.612681014448068439e-02
4.526606829468412529e-01
-2.594425284470901483e-01
7.014339521191687021e-01
7.485956607103605442e-01
-4.199489362136337167e-01
-1.047707716206938588e+00
8.678131504757011228e-02
2.977816165617007127e-01
-3.134355373942088185e-01
3.174844768859489963e-01
-3.501355751678501549e-01
-1.477146581547777449e-01
4.316721802981644540e-01
-2.494833440477903785e-01
1.197593133437439283e-01
2.015418523560525976e-01
-7.108811319343316670e-01
7.954664657510921444e-01
2.995922260974022144e-01
-5.036182528577052286e-01
4.003566344392265330e-01
4.503026367606869362e-01
-3.854317861648234311e-01
-2.849340152748334187e-01
-2.068879467491238910e-01
-2.267695983260627768e-01
-2.493134562533364795e-01
-7.596499503769428285e-01
-3.775009360741325426e-01
9.672306052268742071e-01
-2.429244665051211172e-01
-2.424934464039378568e-01
-7.291473525211269457e-01
-6.584286462833243148e-01
-1.078474617369785449e+00
3.253831757873503205e-01
-5.426770198963218883e-01
5.183894940545298313e-01
-7.255511901544858810e-02
-1.734156671927814808e-01
8.550645816623184126e-02
-3.964216224733060345e-01
-1.501104575564198851e-01
-5.177841730306982360e-01
-9.933528953555714747e-01
3.081122933088233373e-01
1.247106477412762149e-01
2.705039180557616829e-01
-3.818652510488607099e-01
-6.701961298749741225e-01
-2.381427104477359113e-01
-4.690283505461662061e-03
-9.577112560529077445e-02
1.740665894800080271e-01
-7.467052640568846433e-01
-1.540432220405589248e-01
7.939509441409140500e-01
-3.081641670404983713e-01
1.941873596168531280e-01
-4.036248755038116531e-01
6.052452126866310067e-01
-1.263678417073191840e-01
4.125304110556622939e-01
3.367623807832745286e-01
1.845922645821311825e-01
-6.472911827970939669e-01
-7.025804640750699104e-01
3.150654596731534696e-01
4.557093016043156641e-01
3.458490651717497366e-01
2.409849029889380434e-01
5.109144440837595780e-02
3.978707722516676148e-01
-3.578981366036992351e-01
-2.645571606413472110e-01
5.304218977555047454e-02
-5.763107199761777766e-01
-6.538750486224848002e-01
-4.726125294974464763e-01
-4.145276375171120242e-01
-4.677934002101410971e-02
2.303970019979420247e-01
-8.832265092895613678e-02
4.701791324238194236e-01
-6.463202885301788658e-01
4.128407561614699794e-01
-2.318107348869472284e-01
-8.460014904186144991e-01
8.263855343832152145e-02
2.821144867915225674e-01
3.787821690449216794e-01
1.407536802083574068e-01
9.863110697278520966e-02
6.300635985370939274e-01
-5.528536937544319407e-01
-3.529158521103131774e-02
8.780234512378323197e-01
1.188224855555068515e+00
-6.394695684310685024e-01
-6.924719465963757870e-02
5.954119532473288734e-01
-5.420100946530360675e-01
2.319083182346516336e-01
1.007937544111776385e+00
2.640318339967846484e-01
3.322643510574070647e-02
5.994948620725681909e-01
-3.120780380284566835e-01
1.163532668992623975e-01
-3.809704248951724104e-01
9.983831748061169353e-01
3.642729131173560453e-01
-2.834886939916986259e-01
-6.861774641517309758e-02
-2.890276493660011159e-01
-1.002200257114784082e-01
-3.521872596638226938e-01
-2.369889526899873755e-01
-6.347598647653589499e-01
2.444932775329408670e-01
3.424065701654607774e-01
-7.128873450046674387e-02
3.051388489030740225e-01
3.614309746045802352e-01
-4.972527022522112983e-01
8.419133585565659050e-01
-8.226414207735921469e-01
2.280592180185107565e-01
-1.286744018746222018e-02
8.206994471932277380e-02
8.133345925887413008e-01
3.329931155976791901e-01
-1.301996630207154837e+00
1.116430311883553489e-01
-4.443689114643372684e-01
6.870213782561043203e-01
-7.033099749671395395e-01
-1.202639070202048965e-01
1.351863838016897912e-01
-6.900319945831170365e-01
-4.689631302090119247e-01
-1.313811502960522404e-01
-3.696337988292955345e-01
-7.690597924014861420e-01
-7.338103301144627277e-01
-7.490013147273008598e-02
-8.996799029166057116e-01
-3.426005787297076166e-01
1.266577222925895085e-01
2.433309103639788584e-01
-5.671121166645018974e-01
1.828932921475490136e-02
-7.237175689406083468e-01
4.531212560795758737e-01
2.473036540055962296e-01
-2.783231719021079381e-02
-2.185211497119503021e-01
-4.534089980272568848e-02
5.443314632579849821e-01
2.319803175825772557e-01
-4.884774275451261305e-01
1.203319041549467949e-01
-6.902502235013149301e-01
1.654116090854221288e-01
4.171520286382676135e-01
7.476180523754120122e-01
9.785357569763830643e-02
-2.541826578556840022e-01
2.679346555764374194e-01
-3.789338966372335915e-01
-7.652901638628373249e-01
-6.716407179651285864e-01
-1.186446635050210363e-01
1.279230988952760883e+00
-3.224907293019700361e-01
-2.342264124689339422e-01
-1.218159070323190651e-01
7.570525362429278982e-01
-2.691899758708428680e-01
-2.106556812888618901e-01
-1.209954860626091033e+00
-8.025059779442271501e-02
-3.910370130147248213e-01
-2.800754043058215625e-01
1.353641776243121042e-01
2.668263259040346558e-01
3.162849158972891317e-02
5.511946027154922545e-01
9.588571444045117242e-02
-4.382969459621674502e-01
5.317585610524653283e-01
-7.164704850135406033e-02
-2.538606818111982522e-01
-9.368915922361135962e-02
2.160313622553123869e-01
-5.695055281808338865e-01
1.321803295398432110e-01
9.655523921529751696e-02
-2.822075062808850343e-01
-7.460825647491211576e-01
1.190800637959358588e-01
2.823678944801800289e-02
2.815936849902114236e-01
4.028768855711949426e-01
-6.603938805140393553e-01
-7.203872233397681235e-01
-4.670222903731829356e-01
8.283574282925811050e-02
-3.271058373715286516e-01
6.225446381848415145e-01
1.797752107849881487e-02
-2.536113484775012750e-01
3.758597328509534763e-01
-3.956682862060292849e-02
-2.119470022826894923e-02
9.571463822704015523e-02
8.066804861722607356e-01
-2.827946393513532802e-02
-5.284884921511816547e-01
-1.665343434237401277e-01
9.412983745776621891e-01
-5.991662366733035983e-01
-2.120140043948496034e-01
-7.677992659433857670e-01
-3.353613847239789725e-01
2.213230280597908162e-02
-4.568407823220282937e-01
7.212176292304455227e-01
2.432829331684163710e-03
-3.255017962838341328e-02
-6.325251358896147869e-01
-3.404714698407335649e-01
-4.878149585466055038e-01
2.720470711393860874e-01
-5.422254834478335006e-03
-1.884984059100772158e-01
-6.187101518216338025e-01
-6.497807179635231023e-01
-4.781464178125013342e-01
-1.525701999996215974e-01
6.080618562460481380e-01
4.389886554926543116e-01
-2.598665326794790675e-01
3.171902804623426553e-01
-3.842628336911869114e-01
6.375352255943671498e-01
-8.082392681397305711e-01
-7.133913818387240813e-01
1.726810295488792613e-01
-7.003053894699470261e-01
-4.463228458930378062e-02
1.479085762140954774e-01
-8.636243300494837738e-02
1.306203789820826189e-01
8.600429555085181699e-02
-8.480090799578597904e-01
-3.224923557007283725e-02
6.243889086411158473e-03
3.905164625883659202e-01
-3.828930193483776057e-01
1.027190020118343150e-01
1.165034343830843588e-01
-2.626687543123380486e-01
-1.110757113908630023e-01
4.443012360373554959e-01
8.055291747342584463e-01
-5.122935493005114083e-01
-1.126298984886691334e+00
-7.581113218060979708e-01
-7.320756264255111612e-01
-2.914420351014473387e-01
6.652985220297026325e-01
2.736506551331380210e-02
8.773366138341411880e-01
5.809828505827434320e-02
-1.927892009860711908e-01
-1.329496851214176045e+00
8.308903593433637769e-02
5.369574647901049769e-01
5.165901580217475697e-01
-9.307370200913206437e-02
-9.877761163625985441e-01
5.311472876121478004e-01
-4.909717008948870642e-01
-5.645409183708500755e-01
9.351198050930996375e-02
-1.738558876402086506e-01
1.092168254842825620e-01
-7.739777011563658826e-02
-2.729353750382843002e-01
5.684230460342626357e-01
2.152630506837044932e-01
5.478459865291073205e-01
1.961065379016054822e-01
2.319691082338649069e-01
2.695746332411038670e-01
5.772419830155546550e-02
5.454147864705009008e-01
9.413296642712726259e-02
2.285460182339478785e-01
9.378344566009120253e-01
-8.900596574123402771e-01
-4.133314039692987385e-01
-4.205023965606582426e-01
-2.500085674437934613e-01
-4.393352995130164751e-01
-7.649337289460242939e-01
-1.843770003470784902e-01
3.334122897158678933e-01
5.237500432546657314e-02
2.680909029366229657e-02
3.120123837785390153e-01
8.744024885623238319e-01
-7.787348935973218422e-01
4.581852501108950038e-01
5.701632245957288792e-01
9.233474076048464596e-01
-1.799944054360571311e-01
-1.156788236502753753e+00
2.195639112312533225e-01
1.064539935922135805e-01
-6.134814743187189112e-01
5.437771971891055545e-01
2.466628157634055407e-01
4.684403378845998778e-01
8.042080755451850305e-01
