-2.355056204929021901e-01
7.942062857425447042e-02
1.604510611233404549e-01
-3.579009847928043414e-02
1.407904929034439062e-02
-2.741792272021366106e-01
5.263895522822790302e-02
1.358890822938144949e-01
-1.270487855595984206e-01
9.137866057142358667e-01
1.204622901560821469e-01
6.371367563509713339e-01
4.333662437462347528e-02
1.217190372746320970e-01
-3.524578979197096062e-01
-7.255625035507279330e-02
8.235757636640653190e-02
7.936083092648236192e-01
3.356994674006623658e-01
1.127596644161918127e-01
4.765368975828186693e-02
-4.311178805867467156e-01
2.197891037495260380e-01
-1.637762738813502983e-01
-1.538799250759494697e-01
4.085484969093644558e-02
1.599350901249693147e-01
5.471015191360524554e-02
3.358414158661676696e-01
-1.262332613026440897e-01
1.089976654276846729e-02
1.170615681390210772e-02
-2.663676305330699504e-02
-3.615819796900297534e-01
8.966944846658164714e-02
-9.737045445524719275e-03
3.337960369626140067e-01
-4.313959995490079802e-02
-1.304474537097645159e-01
-1.098667609271695711e-01
-1.704874227984128354e-01
-2.322702798075219066e-01
-1.003783451480842054e-01
-1.785298644112723321e-01
-7.758948209741498570e-01
1.138978285938530843e-01
2.144417954905934176e-01
-2.216434476914648233e-01
-5.700709784487962839e-01
-4.342580694465818236e-02
7.045177531901462009e-01
2.301422175158860384e-01
6.295920265325157805e-01
6.309900488633091165e-02
-2.978358232751396328e-02
4.557133078912486424e-01
2.945914827237311462e-01
-4.178980617362700878e-01
-6.435706882339178869e-02
-1.297011706216559535e-01
-2.122877397120255805e-01
-3.621696572076240489e-02
9.737042459573573561e-02
-1.046000422216361581e-01
3.392546625845549446e-02
2.469020564529325334e-01
1.276845437949005735e-01
1.830249856109780193e-01
1.086218070031417099e-01
1.437317130064003357e-01
1.511637432338244214e-01
5.787320892031303649e-02
2.772156538432045125e-01
-1.510647242059644513e-01
-2.645842171573124513e-01
-1.978590332468961321e-01
2.142650874611930212e-01
2.791248617053374015e-02
1.408778609921059743e-01
-2.654236988113642393e-01
5.297336671356527305e-01
-5.240958107561176638e-01
9.457011731644629493e-02
-2.913965259361384064e-02
1.484374249502856680e-02
-4.343320915788748821e-02
1.953900338040547857e-01
1.053899214039977911e-02
-1.975164194817062568e-02
1.782290978212336952e-01
2.655901214732099835e-01
9.098544792061134812e-02
9.024251825736753774e-02
9.942431603977448795e-02
-2.192475303736797776e-01
1.463055261484939584e-01
-2.576408574996390255e-02
3.866350440854038339e-02
1.666561080316715238e-01
2.633456872779595392e-01
-1.412247386160596085e-01
2.259277664184607959e-01
2.305536044004499463e-01
-7.342612681935761776e-02
2.591807025320831404e-01
5.764026921664816561e-02
1.430537267010321134e-01
9.039738411047071320e-02
6.655446155838043443e-02
-1.182229365981114222e-01
-2.857175530587185985e-01
2.027863701764986426e-01
-1.390201467022120219e-02
-2.114842672671432555e-02
-3.283104569095287445e-02
1.421455256715787596e-01
1.797724041934348205e-01
-7.420780466505665085e-02
-1.354777789086545892e-01
1.233196233528119912e-01
-5.214064132691131892e-02
8.066502778369166737e-02
1.986690119029294599e-01
2.089015567725477363e-03
-1.911480068354791118e-01
1.973677547897022544e-01
1.312956317023846742e-01
1.213703857589686630e-01
-1.873734163822352028e-01
-8.845325050659795518e-02
-1.047583737931235964e-01
1.056994652771430510e-01
1.529066880865464495e-01
-2.201817279104364977e-01
-2.331433542527056035e-01
3.794424489344945250e-01
-1.714580894451624149e-01
1.481597651824700934e-01
5.825981247247057349e-01
-4.515257815537798702e-01
8.154335361731959164e-01
-1.754848009100526407e-01
6.464502246935225349e-01
-8.437835729155647169e-01
9.198179973012876598e-01
-2.012047787105237379e-02
-1.038945478449672111e-01
-2.078483668332612444e-01
8.248126542588243848e-02
2.082304209302568432e-02
-5.198902735234262051e-01
2.484445051393283088e-02
-1.944214472072818278e-01
7.809088639981515145e-02
6.537032029512213072e-01
1.933632637154913958e-01
7.164494192432926956e-02
6.592586494456520452e-01
-1.933664972280991490e-01
2.116928273661837223e-01
5.309217779953956384e-01
1.005943913980767990e-01
4.191487806316770981e-01
1.210711219094711549e-02
-1.649884501565229422e-01
2.433870221643540388e-01
1.386505763669993452e-01
-1.049679123180767559e-01
9.366268499721353002e-02
2.420735422976722229e-01
-3.965407091363703368e-02
-5.763813277257349987e-02
-1.837963770148486053e-02
-1.200410399155076302e-01
-2.903543292130990050e-01
-1.417017909773453654e-01
-1.678264917035740544e-02
4.350382612582604641e-02
-6.940945933799907985e-02
-1.058796818090226022e-01
-2.697440940086826694e-02
-3.060243029848227492e-01
-3.880208449872085685e-02
-4.868537318656738361e-02
1.925259866278785092e-01
-1.864737327041905701e-03
-9.590580896599204541e-02
1.130916992408136090e-02
2.290261589637474296e-02
-1.829971976683580359e-01
-1.953916340733269363e-01
-3.470534755507043156e-01
4.089491712830610748e-01
-4.431887718044778823e-02
-3.480540880282195076e-02
3.389056292196545028e-01
1.080421843216936018e-01
1.637289689562865247e-03
-5.953208644480487144e-02
5.560834744957498382e-02
-2.426647960257767855e-01
3.849703733324648380e-02
4.973198575101045460e-02
-5.169313545540295957e-02
2.956468116260764223e-01
-7.603605556976168467e-01
-1.760320151497885011e-01
3.876269855750282683e-02
2.910095726085321077e-01
1.626580216782293892e-02
3.872865828805305277e-01
-4.922982195633916758e-02
7.827180167157649082e-02
6.408977315664829977e-01
1.788437369624830686e-01
-8.174935093975857492e-02
7.140669301284993664e-02
-4.016027998484421602e-01
2.008565781559912833e-01
-1.136327356686870349e-01
-4.633663076777055911e-02
-4.562312571589474675e-02
-1.769767256689156187e-01
-2.076634517952503228e-02
1.329820021493057502e-01
3.854619286855919258e-01
4.364424145394577015e-02
1.471003860402683716e-02
2.186378329821775934e-01
5.817850412114446840e-02
2.921750490347270190e-01
-2.208975868528212372e-01
2.512332374601678464e-01
-2.651543650437256372e-01
-2.568899217630582488e-01
4.595136200825605810e-01
4.506018196680246224e-02
2.277826152455478259e-02
1.510372444923819002e-01
-1.338167729945770879e-01
1.562301951625361673e-01
-1.120865145791846568e-01
-2.164135276203130454e-01
-1.352207347311091545e-01
1.095690356628143680e-01
3.075307644719361688e-01
-2.894285790481453957e-01
-4.734096904217074409e-01
-4.106309980019775541e-01
2.629151505164615266e-01
-1.550469257641947651e-01
-3.870799159200113970e-02
3.163746291018861845e-01
-5.949960872993748096e-02
2.931482516736687305e-02
1.772405489400862705e-02
8.566162026963403120e-02
-9.245202792209125109e-01
2.113813314381779995e-01
2.174089996568756844e-01
1.953907863188492078e-01
1.266457091819995495e-01
3.616200798279673445e-01
1.559889377625734985e-01
1.046997795173802981e-01
-1.753773844464950327e-01
7.708821825560907559e-02
6.536992476064268365e-01
-2.403691095480398610e-01
-9.808961370282633097e-02
