6.620443884428791614e-01
-4.920656100933146759e-01
-2.234058573431371153e-01
-4.572820233341802765e-01
-5.712690516285613418e-01
-1.249944365026909865e-01
-5.956577775334679359e-01
7.013153235753937231e-01
-5.434491388805587908e-01
1.643516037308717426e+00
1.191935532446553259e+00
1.533358878189001961e+00
1.307908374280853270e+00
3.549327579995744664e-01
-2.239012133420301420e-01
-4.888010720323369696e-01
-6.460126833724751938e-01
1.339656181468630525e+00
-4.738430494653521619e-01
-4.768294901716682022e-01
1.028750756441859371e-01
2.405636462379141804e-02
1.209384606604761991e+00
-7.347244150896730108e-01
2.463425514141168171e-01
1.076476184491244270e+00
-7.638573577061136266e-01
5.469904862621505215e-01
9.926383376686959137e-02
-4.740774992794940523e-01
-2.885873108830473988e-01
1.065554162813136863e+00
2.682614044978394729e-01
-1.051904692835238686e+00
5.119781654169621721e-01
3.856653636495915305e-01
-3.010298098974006353e-01
-8.190924682040384708e-02
1.131280953155697100e+00
4.889939653293529642e-01
2.006299974994645852e-01
-5.396981659311537172e-01
6.598804042952235438e-01
-2.245049101651275525e-01
2.019551127895264087e-01
-4.119829861357480749e-01
-1.260148366795130093e+00
-1.329753015356332779e-01
5.613454079861643908e-01
3.007210983359918932e-02
9.116109996110287605e-01
-1.464004631976969506e-01
4.452606177867737824e-02
-3.857759667336062570e-01
1.558786124923133842e-03
-2.887852385415908829e-01
6.286936936026020772e-01
-4.146558890437949119e-01
-7.677706531737895634e-01
-1.665026143625186306e+00
1.825006898033904590e-01
-7.685443163784629883e-01
1.427555303896659300e+00
1.585593375854370990e+00
-5.453307654871440979e-01
2.825278143740050929e-01
8.346024127594495745e-01
1.573877792512216045e-01
-2.762887984558193288e-02
-7.119271882150577380e-01
5.198048671085613304e-01
1.308535532187566020e+00
3.657769498947803788e-01
-9.331852333553758427e-01
-7.280138115053638170e-01
7.019150089962841177e-01
-9.455380635887410401e-01
-7.824832136890946810e-02
4.974502412565353637e-01
-1.385433789803768745e+00
8.770534290924236753e-01
1.498279390430041325e+00
-5.240769650101338994e-01
-2.797953535335279684e-01
-2.610837170025541165e-01
1.388219581047823503e+00
-1.336125628062858617e+00
-9.154625185248731478e-01
7.585659690889340334e-01
1.090614879272151505e+00
9.463109073650415315e-01
8.216446757513998778e-01
3.916296100946080605e-01
-7.748406370454946623e-01
2.180716362067920411e-01
-1.028941947863735829e+00
1.422364603721721910e+00
3.303996667572432488e-01
1.143143505112975827e-01
7.590650458148451296e-01
9.113197747826257133e-01
-6.304404910972417619e-01
-1.925652467591486006e-01
4.070042310291162591e-01
-4.974370497365700472e-01
-1.579169349075793816e-01
8.126475824133825299e-01
1.007256396455924241e+00
-1.087136340159810255e-01
-6.176800354739334087e-02
-1.451038656499140655e-01
-3.015415988757538107e-02
9.639016194998897835e-02
-2.991599646952490810e-01
-3.966593547304933520e-01
2.677768872157001989e-01
-1.267703085594181489e-01
-7.665329447031004051e-01
1.315188831985135920e+00
-1.525434257569257213e+00
1.879314042944225882e+00
-7.443073901010274218e-01
1.245726198017810926e+00
-1.449434750419443585e+00
1.611342047989297921e+00
1.109312013489193838e+00
3.261109418167992269e-01
-2.133616278093589391e-01
1.951732969062643930e-01
-2.999054535057379400e-01
1.808237951534627519e-02
6.680201253990444843e-02
-1.816806720923159757e+00
1.371429708841475914e-01
-1.161320081225179601e+00
-6.373665740621652365e-01
-6.740038929977543170e-01
-6.296529998867290701e-01
-9.970442366253924327e-01
-1.778887086788463467e-01
6.061142434524915412e-01
-1.993969390638647976e+00
8.373279868628051847e-01
1.324836253024637700e-01
2.844353576503668712e-01
-1.220873143125053989e-01
2.853174202756032091e-02
-2.408086524340415369e-01
8.106140034518890536e-01
-8.242477181460827751e-02
-3.276594905651925016e-01
6.768620241796419190e-01
-8.223454424281032571e-01
2.525067226773483053e-01
6.025448589658033427e-01
1.092980254511148330e-01
-2.839992986483174109e-01
2.519488455326140963e-02
6.744791175292439434e-01
-6.495601463147517851e-01
-3.844638187196453005e-01
9.272417065487565946e-01
-1.132966893858404350e-01
1.260356173877651143e-01
-1.225199744815290842e-01
-1.263086339141779701e+00
8.813500279311010932e-02
-1.216430967305104804e+00
-3.631990239821428768e-01
-1.261653749283235149e+00
5.080560490653399097e-02
7.641663420310764732e-01
5.194502605583991572e-01
-5.543864502004615391e-02
-5.053473431746078326e-01
2.690190555346728685e-01
7.295322823625209896e-01
2.165509740794286375e-01
-5.171398334608798830e-01
1.435043396893892209e-01
5.281941826101405751e-02
1.131699700239516826e+00
-1.125285491313702257e+00
3.161755526474322453e-01
1.609461868719581357e-01
-3.995029785189787436e-02
1.133432154004672121e+00
1.478977640833117890e+00
-1.221366774591031268e+00
1.167715227770842468e+00
9.773658297662969341e-01
-1.216618957094226933e-01
1.077322675450721245e+00
5.829305659733152734e-01
2.291171438709264097e-01
-8.769763798677576716e-01
7.982973789839492573e-02
5.520356052088013499e-01
9.555373099936437242e-01
5.264285998361772911e-01
1.981465533052968464e-01
-2.478648843845898397e-01
6.199940971277423385e-02
4.149213376369709216e-01
4.241185224381295860e-01
-5.449636306459168522e-02
5.308141565495674286e-01
-7.892729113586400835e-01
6.869025404825762626e-01
-1.028139991644322349e+00
-1.131663688254097577e+00
-3.539315772207440869e-01
2.736557845209759421e-01
1.236006209050878324e-01
-6.169133023622602741e-02
5.261914701596779320e-01
4.703563168986871212e-01
2.766437923724496817e-01
2.471549978245279888e-03
-1.012721264734238458e-01
-2.192040715489961822e-01
1.235293129567758830e-01
-8.967847488059335070e-01
-7.057793918747405915e-01
1.179096309233863965e-01
2.036751754879576048e-01
1.489640037893973590e+00
1.026312498450558719e+00
-1.781950058264468451e-01
8.274052407190610192e-02
4.957321569763681879e-01
-3.846653490669229569e-01
3.295884457332279305e-01
-6.421856688925121626e-01
2.358624283120920873e-01
-7.585310889373328980e-01
3.443915974751241005e-01
-1.401717609240706874e+00
6.534660352934423821e-01
1.821129312014084511e-01
-6.261629133449403417e-02
1.039888172777916786e+00
-1.817602498599273919e-01
-9.854619165751919985e-01
8.896425757734732764e-02
2.860749903708300623e-01
1.307073031401083885e+00
-2.206355832821750296e-01
1.208470916756298141e+00
3.495119565290017993e-01
9.153709876054160199e-01
2.330978831983923638e-02
2.035486766833568828e-01
-4.951398246336102815e-02
-3.817262590871194072e-02
5.259864573087811301e-01
2.031859954497066689e-01
-5.956201951549283669e-01
9.824460206728231615e-01
7.101754614644872898e-01
2.495756435583966759e-01
7.451882183106389723e-01
3.801985756784395099e-01
3.241911767119070031e-01
-1.663788697773931069e-01
-1.086768258479648697e-01
-1.709929831302389736e-02
5.352411757045583141e-01
-1.385040997218256742e-01
-5.836548234429775883e-01
