1.920074390911502837e-01
-1.789708389515673737e-01
2.129095837431053129e-01
-4.048808104721386969e-01
1.580458244630687792e-01
-3.214600262830893396e-01
2.251127386349871529e-01
1.088890961747993880e-01
-2.165501289982718625e-01
7.954131104587364165e-01
-2.632615092230274761e-02
8.172228086888237986e-01
1.304276890135501743e-01
4.415123546786826614e-01
-4.712193164900861375e-01
-6.471842256476477706e-01
-3.415794545323049825e-01
7.586860344840540282e-01
1.175176125966813229e-01
4.042161411175176355e-01
-4.478321481044146846e-01
5.443917200337483608e-01
-1.469702868683506747e-01
-2.799893694981515080e-01
-6.972009962300563801e-01
-5.011878409483999652e-02
6.523734656659081477e-01
2.184096936442631864e-01
-1.359780421746117629e-01
-5.055989300940996189e-01
-2.147509672472493747e-01
-2.962130514606660103e-01
-8.869423839832255019e-02
9.804527063008430798e-02
-1.025329979789580959e-01
-2.711458805186708343e-01
3.887644620511102045e-02
-3.991530914348738746e-01
5.899692312122436499e-01
1.100057149132282613e-01
6.482594089723144881e-01
-6.610056783794385216e-02
2.913647435762638516e-01
1.948398554249317072e-01
1.612198388519615333e-01
2.968012546177017374e-01
2.182679816520027849e-01
-4.047982049175957719e-02
2.979632091146128259e-01
-3.434627922368291841e-01
8.486219457213059481e-02
5.010818369600645444e-02
4.033010295123410360e-01
1.414496653581494567e-01
-6.750229485338491431e-01
-5.437559891556082992e-01
-2.995156211921179423e-02
3.061827471699693493e-02
-9.903512955565108022e-02
1.967389315595022281e-01
-5.391342002710923786e-01
7.935495094065411203e-01
-5.984482100673482741e-02
6.203929194404608216e-01
3.009315141133424576e-01
-3.540496140719698870e-01
-8.847814018303570838e-02
-6.366112437199786256e-02
-8.812699233535039589e-01
2.875523897879733032e-02
-1.901404028208006913e-01
-2.387902227389216425e-01
8.859484497572248096e-03
-4.105200753577377681e-01
-3.145421063816106200e-01
9.190890914908671494e-01
7.870569190291361317e-02
4.083166970752086233e-01
1.130557851075043030e-01
1.685470452406301334e-02
5.919362465529793421e-02
3.981545598817561316e-01
2.034209411793688749e-01
-5.355113742723290743e-02
-3.758267281698079998e-01
-2.909950162482056735e-01
2.815970384877439781e-01
-8.121715104608068225e-02
-1.850872293414047298e-01
6.087680338344136910e-01
1.268570020127191000e-02
-4.869182381306359775e-02
3.589326395772279854e-02
-2.162969307007196196e-01
-1.464399445984457260e-01
-4.095871621667286355e-01
-6.023276768512626500e-01
-3.462029684267780572e-01
-4.958701545681092060e-02
2.356397730354562459e-01
-3.116935520527899794e-01
2.308993601568949117e-01
7.824561630837120751e-02
-2.907873486262557705e-02
2.318147046196892824e-01
-2.186582767539900773e-01
-1.749270298488534159e-01
1.876701850770921831e-01
-6.630430181548089275e-01
8.572444285051487867e-02
-5.472330077253694247e-01
-5.499059996249383575e-02
3.059799873594398756e-01
6.516085801686632983e-02
-1.492338520707759686e-01
3.458002269237729909e-01
-6.060202801215479607e-01
-3.344651605170671504e-01
-5.571915856755067509e-01
-1.394970124378523690e-02
-2.846760406052375458e-01
-1.565710941857424432e-01
1.000025016637762082e-01
-2.083685875992040137e-01
5.260751516870899591e-01
-1.457521307195071281e-02
3.733637628281976512e-02
-3.230946050900525002e-01
-8.656555125475604018e-02
-1.063571633116938475e+00
-1.096274299343972247e-01
1.574223349738406164e-01
-8.089986099101541539e-01
2.559758584750515542e-02
5.740954717226793430e-02
-1.216691247916648067e-01
-4.479485398341906399e-02
-1.360744875216888805e-01
4.838148042524686998e-01
2.483944051598264702e-01
1.185852361014645973e-01
2.082882047315547380e-01
1.442624548331641610e-01
-4.439718872145577144e-01
-2.748432507867466790e-02
9.307961438258588460e-02
8.171613096090714345e-02
7.942877157364696128e-01
1.990385382248559543e-01
-1.641359480487859790e-03
1.173605045724452622e-01
6.414930517192990456e-01
6.426122472963816668e-01
-3.073011719528997987e-01
-2.898875377599040570e-01
-2.691319455339417910e-02
1.247004752418957516e-02
7.115014333232587695e-01
9.899735425048798998e-01
-1.976089634649270677e-01
5.309305436040281378e-01
-3.015492330500204599e-01
-4.453295967903256880e-01
2.981661578438866700e-01
1.953468882636822390e-01
-5.301306246863171090e-01
1.607151805637597741e-01
6.872826270374852997e-02
5.977540963878147373e-03
-2.809582427920906955e-01
-6.522336481849495549e-01
-1.576810830734983737e-01
-3.911104239946525674e-01
1.305060152335542067e-01
5.276936236111540168e-01
-5.347076230095904048e-01
1.315421298785886539e-01
4.962031852139431320e-02
-8.538235961615134317e-02
-7.048984304609567930e-01
2.072262823194324088e-01
-3.047726075750861741e-01
2.350046400572127769e-01
-9.506878529149456747e-04
1.173805920756799820e-01
5.966795942932132113e-03
7.614356334474381427e-02
4.259307447981487693e-02
-6.444648651971947029e-01
7.571617952511492389e-01
8.886178617784167288e-01
8.692127630283319473e-02
4.047693791749523706e-01
-2.254234509746887161e-02
8.248107958402717266e-01
-8.572788819071230915e-01
8.232809170853310210e-01
-5.667685464570380860e-02
1.901485293151202738e-01
9.431135701417849015e-02
7.701902551413335463e-01
1.013266376972282307e-01
-2.913910056976298790e-01
-1.179832990703596624e-01
2.047488112269323091e-01
1.075993262402193951e-01
-7.235887722692047053e-01
-2.482767017960873235e-01
-1.028598351886513274e-01
-1.881579070385725194e-01
1.047690213920933200e-01
7.032828705772833922e-02
1.169366205674129855e+00
-3.143791857032979253e-02
1.035198687022504255e-01
2.335536044213926965e-01
-4.696720682850306638e-01
5.888900207370209028e-01
3.390335635715909235e-01
5.568883775770439026e-01
8.312632978725614796e-02
-5.737374214125566807e-01
1.374876356889806472e-02
-6.183843574278961031e-01
2.839981736410146507e-01
-3.053741184580086032e-01
3.540993509691843788e-01
-2.590409074136257872e-01
3.644812102119837083e-01
-7.976966901149310507e-01
-2.951195015954034134e-02
-1.178656972896526128e-01
-4.033431849833256089e-01
4.625138804410435789e-01
3.235200188980673075e-01
-5.195085310222578023e-01
1.795056828804739990e-01
-2.624258257821439067e-01
-7.431858725942602772e-01
2.054045101944089458e-01
1.525475292406762162e-01
1.443186808386583142e-01
-4.214696270019938074e-02
-2.033778794148097258e-01
-4.461342524459731007e-01
-1.907697149501107747e-01
1.729903743501024493e-01
-3.306842295861101011e-01
-1.285155653381841179e-01
7.279907947454747341e-02
-1.644905702968672834e-02
4.311129282278994279e-01
-1.706925407807174111e-01
7.470727535301671107e-01
-6.825810565904413263e-01
1.187138614128570302e-01
5.493610156797362754e-01
-3.360329101756050485e-01
1.754861033608134946e-02
9.287333106399660032e-01
7.502214952047832064e-01
-5.292175216199690446e-01
6.307401504302145856e-01
1.786952415440487274e-01
-2.590103162448896268e-01
-6.502169137970385815e-02
2.384809898728643129e-01
-4.124222036769745192e-02
3.313670636619103771e-01
8.924812168458822192e-01
-6.600242186340707362e-02
-2.153483200825423438e-03
-2.373482499642736165e-01
2.198292889997315314e-01
1.526696451014397105e-01
2.246231488088418771e-01
2.950094030820333835e-01
-2.366521119250565922e-02
-1.073620270655791797e+00
-3.190085093015614104e-02
5.966667812865115300e-02
3.286931315226891692e-02
7.541948592849899713e-01
1.375621551258269792e-01
1.262756429143329084e-01
1.518719794024819825e-03
1.091149005967586849e-01
-9.250456654653242961e-01
4.237057198272935199e-02
6.290704614417561569e-01
-1.911558050170103218e-01
2.631377638008491893e-01
-2.794493500697309840e-01
6.965632857955560420e-01
-1.428184913506821974e-01
-4.838561673636371796e-01
5.345787170987899017e-01
-6.866771211617636039e-01
-1.454384977755307784e-01
3.874032292147007173e-01
-3.329814926123747520e-02
-3.014431797262480117e-01
2.974154395660064121e-02
1.065267979915746899e-01
8.793192605585942179e-02
-6.392691598695272870e-02
-2.304087482363810502e-02
-3.512600035149654465e-01
2.093267202091546042e-01
-4.004807577471621860e-01
6.444879368957167065e-01
1.488040578970580285e-01
6.737882544911756588e-02
3.647385041010810236e-02
-7.687543635294474820e-02
-7.809737885003020796e-02
4.832790320394672046e-01
1.497081130865948739e-02
5.676968008640506103e-01
3.391508887003584771e-01
-6.268081330788013994e-02
-4.423764438487883255e-01
-5.980057763739494714e-01
2.625401063507874500e-01
-1.848603034594432926e-02
-1.941499643105397133e-01
-3.067426030951495575e-01
-5.359050971791667894e-01
-7.549009455695402382e-01
1.362133041028331659e-01
-7.835740806324420493e-02
1.399586536544271398e-01
-8.791222911991454225e-01
8.887263934466457793e-02
-3.142453939928470386e-02
-1.996600035627921765e-01
2.284583138666423097e-01
2.070986821468813188e-01
-4.153116318256965256e-01
2.434696758882699819e-02
5.108369188329924260e-01
-3.062148218789869092e-01
-5.449759038880944151e-02
7.184113876077434790e-01
3.093826708576487006e-01
1.419864273551679490e-01
-8.748252201120670923e-01
1.593526555717558191e-01
1.336637610009754340e-01
-8.624464069368473762e-01
4.169731549216099120e-01
-7.451398503528217088e-04
-1.185558930529219956e-01
9.495007738588567836e-01
6.666774431353127417e-01
-9.107695568352957016e-01
1.100940578978655937e+00
-6.877822965981293668e-02
6.919499159875686090e-02
1.268714493002249533e-01
5.700899311541558490e-01
3.143777076050842112e-01
-4.284885817432104171e-01
2.412154595247976985e-01
1.366462482881285190e-02
-6.005002365302282152e-01
-5.931539072839764337e-01
-7.519704657265259273e-01
-1.695540325697891815e-01
-6.941109843716715133e-01
-3.631539078869437387e-01
-6.114571407692055427e-01
3.277602172647637313e-01
1.092089194200206670e+00
-7.847203739301830683e-02
2.557082077624119321e-01
4.176876529355166290e-01
-2.496730271480215035e-01
-3.549686808530261306e-02
6.573570258855436776e-01
6.887528681609130787e-01
-6.900046871111658042e-01
-7.941510923982333381e-01
8.474325107749317576e-01
-1.285579862072175339e-01
3.484380941119093189e-02
-1.519807486163217980e-01
-3.699524504118830576e-02
-7.214141266560944454e-02
2.926203914150634078e-01
4.054281985721278625e-01
-6.406631784770634441e-01
2.258301732833954412e-01
6.946344575391778520e-01
8.180302723963184253e-01
-5.640760153792490073e-01
8.389303621664682131e-01
4.321620947388691847e-01
1.069658331044774230e-01
-8.698367033705534102e-02
5.170680397347238166e-01
-4.145883181392526762e-01
-7.008206531469571288e-02
-2.771321952866479532e-01
3.822324088950212473e-01
8.469652920479076030e-03
1.258151927043791862e-01
6.585978426219173121e-02
-3.158769973639509732e-01
-1.882663783232693955e-01
1.556499877916005525e-01
-2.086669272212807735e-01
-1.495839040693228150e-01
-2.930798548494487066e-01
-8.735169351857571263e-01
-6.197458354919237467e-01
-4.724496419325966978e-01
-9.933406321294832586e-02
6.015883404373726859e-03
3.965252722420725684e-02
-4.241278945100355191e-01
-2.278660229256931208e-02
2.478608369569855197e-01
3.930099034374924249e-01
2.333564633224096130e-01
-3.813052789464843606e-02
-8.278108495653974108e-01
9.397823554293398274e-02
-6.462678972898103225e-02
7.769207454185780848e-02
-4.083639376187714332e-02
2.262072448405332004e-02
3.653253216608612353e-02
2.255543653787898395e-01
-1.147749218312279051e+00
-2.093709971704152406e-02
-4.332904044680346844e-02
-1.480430187103389805e-01
-3.031816776082465470e-01
-3.486426323892141688e-02
1.222612999254074490e-01
-6.526774129121564183e-01
5.868539127382759180e-01
5.897415458734983629e-01
-9.172994833685296778e-02
7.902775513891393544e-01
-1.478854755783776398e-01
-1.782602261796198684e-01
6.453445450589010424e-01
6.934257742029849014e-01
3.818374802106728333e-02
6.027967845355147042e-02
1.618740167149917697e-01
-5.175201521699979157e-02
-1.527974580517758862e-02
-5.444400560328443994e-02
-1.112302734829913320e-01
-1.574825067640476389e-02
4.328107972741676579e-02
-2.158267954554330681e-01
6.538930663922368769e-01
-1.172595493656725107e-01
8.107395848594356469e-01
-2.382327643306672571e-01
8.584738617411016293e-01
2.251551351013783564e-01
6.712995566620647558e-01
9.294834338470692181e-01
-1.048007060077051356e-01
6.997964096155862013e-01
-5.316818633957441920e-01
-6.727134397617332562e-01
8.974719785575734354e-01
1.516777125363075185e-01
-9.708550686316877454e-02
6.664307161631800591e-01
1.533673475328340696e-01
-8.185486995927243603e-01
6.330363359207271667e-01
3.363307208218102029e-01
4.345327875869954282e-01
-8.075542008012800976e-02
-4.207435533172650399e-01
-2.330452935042834073e-01
3.154210425809657048e-01
-2.134898129140896383e-01
7.471010205625602252e-01
2.371049096682359414e-02
-4.043637620264363131e-01
-5.494041628544295286e-02
-1.656102248467067328e-02
-4.360542178638451283e-01
-3.284825924689222520e-01
-5.717985572426723673e-01
-3.463163855125750978e-01
-2.219797888713612166e-01
-5.891665592307173682e-01
-2.630942756891020418e-01
-5.652345618361154234e-01
-3.860811967046228199e-01
6.298418564594956970e-02
-1.908200374531463794e-01
3.330180958562020677e-01
-2.690913259501747090e-01
-2.090817227651364241e-01
1.935939802139530486e-01
4.053360803585386307e-01
-4.970286842703103281e-01
5.092513414744490041e-02
8.958573369875982850e-01
3.438462950447092326e-03
-4.156928715001786956e-01
5.990447628812661796e-01
-1.526320750108483559e-01
1.282202560566466643e-01
3.236485089786839131e-02
-6.736218676352567769e-01
5.329946186261740326e-01
1.887435103252020352e-01
4.696110928390340167e-03
2.207939847732872662e-01
-2.645439366832664230e-01
6.538563691117609267e-01
1.783427120904547691e-01
-5.979521179445240753e-02
1.904388480489980773e-01
1.927939473078279509e-01
-4.712581890128347273e-01
7.318563845137772417e-02
9.076523145769360701e-01
-1.481247009494044975e-01
2.212352076322027239e-01
3.617357495973326231e-01
-3.128728827122095879e-01
2.916586665920505306e-01
4.364559589601096912e-02
2.201602884970428609e-02
2.115391806101102334e-01
2.950009194401775892e-03
-8.393944453443036302e-02
