1.039725922050480644e+00
-2.317331980132856462e+00
5.318475817453737209e-01
6.494699614602700288e-01
-1.779859306655735829e-01
8.156344999348564828e-01
-8.893259459091391594e-01
1.206892437726956036e-01
2.029460077146210129e-01
-2.283959399775935539e-01
8.655298430248399288e-01
-2.274744910463218250e+00
1.490831325141865671e+00
6.047189374790618022e-02
-6.907245896183267231e-01
1.426069244452976337e+00
1.313200773436954405e+00
-7.542388192365966360e-01
-1.517960145377371228e+00
-1.629873771296097840e-01
3.604688492057239735e-01
5.100668060215372002e-01
7.415184591273191739e-01
1.207977859948464516e+00
9.402484869934761846e-01
2.932280762203441915e-01
4.947053863145927100e-01
1.057962766355879047e+00
-4.412087283144888739e-01
-2.678522120187544431e+00
1.972170088815998756e+00
7.095323973549301222e-01
6.564200609659429086e-02
-2.651482377521568456e-01
-1.480073779474361806e-01
1.534092074280912321e+00
5.848770558691457344e-01
2.478261724180338965e-01
-9.759739040469047611e-01
-7.126261436034997399e-02
8.211154226532551004e-01
-9.959365661351365917e-02
-3.008799506541670610e-01
-1.242928020575739589e+00
1.960077117294291016e-01
-1.464179319704033144e+00
-1.381102644296847926e+00
-8.470671070545692238e-01
-7.310544027617694729e-01
1.048639566230253228e+00
1.276325931237406675e+00
-9.512859759865738285e-03
-8.203628011365501904e-02
9.139209158612644490e-01
3.141765878793742472e-01
1.223708089239339269e+00
-2.301437470661073514e-01
-5.630976978348910533e-01
-1.086283159900109707e+00
-1.020880610689188783e-01
2.786820910953238806e-01
-4.760520977986583135e-01
3.238526917996508825e+00
-1.194863424733393575e+00
1.971610164690134503e+00
-5.297722448797057559e-01
8.930116403927974567e-01
6.474175431216316889e-01
1.350488447116327428e+00
3.683192743895601362e-01
-1.018756955159216826e-01
1.580994660638620486e-01
-4.271577532417134004e-02
-2.310909727658188029e-01
-3.393487061619827883e-02
9.296923364628006947e-02
-1.951615471125020818e-01
2.227743907081244368e-01
-3.518137790271769205e-01
-1.357893436941881860e-01
4.203503148586474336e-01
2.165115428399197114e-02
-3.878799259630077323e+00
-1.773496038655070883e+00
1.777239511492628043e+00
1.417356678975381978e+00
8.662013943782332914e-01
-1.021489064415727732e+00
-1.017772139444556689e+00
1.422217588072307359e+00
-5.372530178701850900e-02
3.196502843117060011e-01
-3.984553460979577411e-01
-1.813843156796609346e+00
1.533636265034849844e+00
-1.678581740520816101e+00
-1.952149688413637563e+00
-1.633301642292534384e+00
-4.428592109852139691e-01
5.463675629906749043e-01
-2.829597866242377080e-01
2.323748696320555029e-01
1.618820285943422643e+00
2.018578694928565564e+00
1.007343197452854167e+00
-4.485317756628002250e-01
-4.817090265111910741e-01
2.706423389216383590e-02
2.907170858925204882e-01
-1.140563698729471831e+00
4.926277401375003806e-01
1.965117669962347935e-01
-1.343219752824367674e+00
-1.298154482736259219e+00
-1.644585125622960664e+00
2.747669447488600147e-02
1.228207817727255069e+00
2.150169790152211657e+00
4.824844690714704676e-01
-1.623784339641080043e+00
2.740141366481935847e+00
1.287248619859005627e+00
2.265092662226961262e-02
-1.315111851627853934e+00
-6.996735702681483593e-01
-1.569474533050339016e+00
1.348790539701806290e+00
2.979669809510733236e-01
6.153667391466941528e-01
1.100875467689895526e+00
-7.530226614779633731e-01
-2.621801476754402893e-01
-1.177950187415915062e+00
2.791471417389684850e-01
-4.452008661953299473e-01
-2.053394543004544159e-01
-1.761586003193224004e+00
1.060915389046761304e+00
2.853586615055129783e-01
8.327298782785469422e-01
-8.564549636627691864e-01
6.774749725713380410e-01
1.484690155055767180e+00
1.502982225518169734e+00
-3.189746612811150683e+00
1.244902034625451764e-01
-5.085669396931407071e-01
1.569435017713305680e-01
1.166440132812465169e-01
-3.130871415764905907e-01
5.861245991201666783e-01
6.026443143132319546e-01
5.461470750828856247e-01
5.003821689553143715e-02
8.819416081889271952e-01
-2.161307918538524664e+00
8.837949510767952876e-01
-1.113134673143244102e+00
4.901466103826567777e-01
1.382815184075370407e+00
3.514556421581084278e-01
9.929860648226873643e-01
4.543637547589631231e-01
6.586154314992993530e-01
-6.955393024476839159e-01
4.623417147613362310e-01
-5.897017515351781203e-01
6.014786684867740041e-01
1.469160374516613299e+00
-5.319485131843634251e-01
1.561166153521087452e-02
9.853341020357148095e-03
1.454169419164843546e+00
5.955544143803591650e-01
-1.060876068045411708e-01
7.051534619633185175e-01
-2.130861634220420076e-01
-1.438121460690095388e+00
8.159333351447783933e-01
2.805665057313686539e-01
1.058870801153286134e+00
8.781587102516688059e-01
-6.929708834374712634e-01
-9.828660323733000304e-02
1.322170652153697779e+00
-1.857275096050892138e-01
-2.393302835107464333e+00
-1.820984108010037517e-01
1.551823466745074986e+00
-4.147674431195232381e-01
-2.194306104932508550e+00
-1.616040573826746041e+00
-5.628428560113951651e-01
-5.066882307112889894e-01
3.744470201840076617e-01
9.665283157089112898e-01
-1.009951724205107038e-01
-1.074400180063427024e-01
2.050471029732403860e-01
-5.945892109105157530e-01
-1.744979804119610733e+00
-1.106851853344906322e+00
-2.863953919325210040e-01
-9.343399163336217894e-01
1.994507843703217542e+00
-8.899313517027556131e-01
-9.748563788197356361e-02
-1.530305811192971266e+00
1.125073413324558347e+00
-7.293321191947030879e-01
-6.695665113491813258e-01
-1.954171264373836703e+00
1.277713353699133192e+00
1.995995793434391929e-01
1.436965524947501072e-01
-4.300639649048555446e-01
8.123974352757880046e-01
-3.173010792040211192e-01
1.130896128269627043e+00
7.335274206400685948e-01
3.057547877338210318e-01
-1.606390964984633074e+00
1.699255187968982339e+00
-6.532033159223245011e-01
1.538222205212323779e+00
-4.328938145013956351e-01
-1.181201796773457602e+00
7.670422864912865291e-02
-3.808677462902331223e-01
1.685148635854606392e-01
2.189612818672016736e+00
-1.223990652994697115e+00
-6.016612886999982424e-01
8.736668111703755901e-01
2.104489234036678313e-01
2.596866019292771166e-01
-1.048117437181519535e-01
-1.766303182270359651e+00
9.088594888701693186e-01
-9.859323309791725443e-01
-9.601866341761869372e-02
-2.362691517952908993e-01
8.881797150094650206e-02
-1.822406642760979967e+00
-3.097524125760339753e-02
1.193012327842511322e+00
-1.908104642307176135e+00
1.350828123500665390e+00
5.477458869519394868e-01
2.012109037849485471e+00
1.432276229464360950e-01
-1.251844954957250233e-01
-2.144242833285872507e+00
-3.855652358428143800e-02
-6.848499682252841003e-01
3.850131767960565665e-01
3.654477459148098295e-01
1.460032660334584509e-01
2.441639154019942803e-01
1.040307628070173296e+00
2.883695892706255592e-01
8.741892873830041655e-01
-7.701841829096476300e-01
-1.852148475689516349e+00
-7.716469379873792667e-01
-1.337449175154233227e+00
1.901360343983272916e+00
-8.679822280229942955e-01
-1.247713404763659550e+00
6.284003063100862541e-01
-7.173321590247068169e-01
-6.239265478951353527e-01
1.890680453904675096e+00
1.389963038373480453e+00
-1.737781605080347402e-01
6.992834730236746621e-01
-9.357502231979394902e-02
-3.038317479642718144e-01
1.146982545110955654e+00
4.977168802572070616e-01
8.611359798339547345e-01
1.673691676606246403e+00
1.305856179441664544e-01
-3.584421395729553428e-02
5.541052425898725931e-01
-1.232149868117947911e+00
3.065449318895465680e-01
1.096212405456175043e-01
-5.026238370247329557e-02
-2.398529461134654706e-01
-2.933816982522075012e-02
-1.645376093160920705e+00
-1.981180243046395617e+00
1.499855222423175816e+00
2.896426772960558060e-01
2.208700044509074312e-01
-2.967708250212109267e+00
1.498630925013337389e+00
-8.147438469325334331e-01
-9.029417309758844823e-01
3.144642489482207259e-01
1.293432293825167223e+00
1.892964967695916600e+00
-3.954456198910680231e-01
-2.450444298414706235e-01
1.711398339538190150e-01
2.037617333562049993e+00
-1.947795498563317684e+00
-2.194898581781529856e+00
-5.851085943144953561e-01
5.111801232795052385e-01
2.341215898374286120e+00
-2.761058012796621774e+00
-4.992699902410049351e-01
-9.841647398941527625e-02
-5.960398663687788146e-01
-2.572666670694808699e-01
1.337827615852984264e+00
-1.473466834573657236e+00
5.021783050595187703e-01
1.037622009720849947e+00
2.418287731095579041e+00
4.564181835493665296e-01
1.905361878530416053e-01
1.275432123273899432e+00
1.604970922357926266e+00
-4.148603658856673260e-01
2.349683832202343892e-01
1.413915763616321097e+00
-3.334412285724348557e-01
-2.536487356169294660e-01
-2.198500458386593581e-01
3.144271578463224692e-01
2.193502047328903970e+00
-9.166981291825717637e-01
-2.069121028168721566e+00
1.328436089155985433e+00
-8.109235109163460686e-01
1.096452643315263931e+00
2.118377846749376126e+00
-1.151593930119272580e+00
2.164744283377550094e+00
-1.102744218443616475e+00
-6.720204189468750311e-01
-5.423326216744366324e-01
2.108582824016603130e+00
1.345625062819709505e+00
3.123847563502997748e-01
2.170498887615562589e-01
-9.994832312511069405e-01
1.296143147640619886e-01
1.171232880898955164e+00
-5.700093673190692600e-02
5.801242417537639806e-01
9.327745252697899891e-01
2.781181659392359506e+00
1.502918500886940567e-01
1.656912133796351050e+00
1.649794228920097972e+00
-3.435149184543854206e-01
3.386466876585105812e-01
-1.412773041509817418e+00
-3.976667977403175458e-02
-2.280623370455958199e+00
2.276442759193612053e-01
1.258679834577813406e+00
2.069666828277379356e+00
5.072250155173249064e-01
7.822356279024247905e-02
1.514339756134377435e-01
7.296089431658295821e-01
-1.964313930433095323e-01
2.004659721597896294e+00
1.635461467550888059e+00
8.352264180717162700e-01
2.152035257228802845e+00
1.803548457681235506e+00
6.135383695366308787e-01
-3.949550822218774737e-01
-9.074091031195006263e-01
-8.166224253536403799e-01
2.575150769261003614e+00
-1.649946014922233084e-01
-7.497223013843972161e-01
-1.006476490297103954e+00
1.251712500916607240e+00
-1.758924174028591858e-01
-6.846365507139438034e-01
-2.590877677334530116e+00
6.262515547882817613e-01
1.245778707550036835e+00
5.708027408652674994e-01
2.161095563836979316e+00
-1.065691005805320835e+00
1.761561719190236075e-01
-1.025719257598079137e+00
-1.611087488140708235e+00
-4.459529327756975858e-01
1.418721566154630853e+00
-1.568247396213084288e+00
3.605855488384347440e-01
5.049700130410909038e-01
3.045625839610189289e-01
-7.606264025232107873e-01
-2.810368237114284073e-01
-1.071471770222560016e+00
-9.907834447379288978e-01
-7.549421508007136961e-03
1.351968935909346081e+00
-4.351694303998635549e-01
6.881933589882358593e-01
1.540570277364208707e+00
2.109733921983909077e+00
-1.654476611210166315e+00
4.460745501996495888e-01
5.005805071657041250e-01
-1.121372630330164100e-01
3.053411304161509632e-01
8.644411244820814078e-02
-1.150284621792472040e+00
-1.885047551776599217e+00
-3.904979944623440669e-01
-3.772049230168883494e-03
-2.623735220651896571e-01
-8.855976940314014278e-01
4.788892296976177687e-01
2.399282735681264878e-01
-1.042682450911642800e+00
2.248662026658788449e+00
-4.823567171653405650e-01
2.245024231097490386e+00
-1.347640664427782520e+00
6.266743510396490802e-01
9.344154473138147066e-02
1.837969193617547514e+00
-2.292863155037828671e-01
-2.084408302352542819e+00
-7.255435307584090499e-01
-1.606455949744642897e-01
2.501958549327801262e-01
8.115808046768568929e-02
2.469891708449887258e-01
-2.693037110790112543e+00
5.928320679039145169e-01
9.350783256351022921e-01
-3.714984510579840027e+00
-4.575585552540202272e-01
6.259659030006833880e-02
1.533216900046352027e+00
2.423867998746587649e+00
-1.060377028926555720e+00
-2.035147100217580274e-01
-2.869235712256668069e-03
-3.501252875977264867e-02
1.388890697744349367e-02
1.066082510955009388e+00
-9.975614783980818467e-01
2.756435002470000173e-01
4.561697915614994492e-01
1.448646476089415769e-01
8.651859848324106039e-01
2.485018669030374938e-01
-2.337905257481253385e-01
-2.675497355405552224e-01
3.934802587332476564e-01
1.458313263173972030e-01
7.972125042585503918e-02
-1.216776722613766015e+00
1.885565158527323648e+00
-1.267713907352817915e-01
-1.314384152495270852e+00
3.492935242482937408e-01
3.165365552427931162e-01
5.716801747518647225e-01
3.370219345697828550e-01
7.946916264415634368e-01
9.989122685755907893e-01
-1.379764598464481073e+00
9.249963868688783064e-01
1.348783385466828522e-01
3.119150836584547726e+00
8.817315161880743268e-01
-1.117769307792938482e-01
-1.386904542635329252e+00
3.436089580816444888e-01
2.219302788640079349e+00
-2.870446867345599617e+00
-4.018940119163306735e-01
2.571363358305638780e+00
1.466712806976349981e+00
8.482946883279482431e-02
1.935904621734713671e-01
6.071474721113595541e-02
9.638133249724042950e-02
-3.534716989936285803e+00
2.476950925925081926e+00
-7.885494311069157769e-01
-4.260073306714885488e-01
1.909004077991677484e+00
1.113093895480126605e+00
1.005042819771413409e+00
1.324559636659241146e+00
-8.226698671191096102e-02
9.133251669692421526e-01
-3.320398042585904541e+00
-1.051131972250071156e-01
2.460493736459921088e+00
-1.327721884767131266e+00
-9.001339244142541052e-01
1.132095261241031992e+00
-2.828751899877526288e-01
2.360815596920803561e+00
1.111270512533726329e+00
-5.149379990242854976e-01
-1.479664699243344039e-01
-5.442625730622656643e-01
8.750764993382866841e-01
1.830299238470269596e-01
-2.256819188355857764e-01
7.537371213922168245e-01
1.301211803266379086e+00
4.076592981463057486e-01
-1.484805241813439980e-01
4.012750720041324271e-01
3.079663205959420891e-01
-3.514188258603630488e-01
-1.001634145276809051e-01
2.150288945309097866e-01
3.263902636496801568e-02
-1.468437176155737711e-01
-2.421622326395554303e+00
-8.934668211482681421e-01
-6.695094538734258638e-01
2.029127233893609272e+00
3.491494262658134673e-01
8.933864370973870761e-01
2.923102937515353883e+00
4.822661310266435075e-01
1.715576230401094415e+00
2.420355709978487369e+00
