-4.208526674906269416e-01
3.290491468416926191e-01
4.806100672979582988e-01
-1.318774739739472235e+00
3.202408260221874525e-01
-8.774309811360303524e-01
-2.935897256428380286e-01
4.163184432191638362e-02
-9.601747390306473173e-01
1.864109759694285717e+00
2.046165639414586845e+00
1.553943009651661988e+00
8.810505779466809573e-01
2.300570969590304493e+00
-3.378653810031296834e-01
-1.707653011091738726e+00
-1.341403995156833506e+00
1.999951350200722011e+00
-2.786143048824673563e-01
1.201680657672919095e+00
-4.927918711734009527e-01
-5.369153334321579152e-01
-5.012110879970357313e-01
-5.638926447536424247e-01
5.750052670524504750e-01
4.163057387617027372e-01
2.581976522249507244e-01
7.272594042497810829e-01
1.369657185983092607e+00
2.730549195027003329e-01
-8.471786476023021040e-01
-2.400506157177690336e-01
5.909777112823120238e-01
1.287811830041867944e+00
6.336928364716931661e-02
-1.734665548835008786e-01
3.223116759434488943e-01
-1.243764932369626042e+00
5.766794131956545222e-01
-2.995885649574652199e-01
1.197381153274648669e-02
-9.451934704958470101e-02
-9.140429863104041486e-01
2.520727612703694831e-01
-8.045748360394114895e-01
-1.825082399672484923e-01
1.369000764271914417e+00
-2.288813988806383537e-01
-2.812659569913318891e-01
1.410007893303540372e-01
1.199326860998592092e+00
-1.371390996200854973e-01
1.727953858107650564e+00
-2.239346809304466612e-01
-8.031115093358812684e-01
-1.230681660203886280e-01
1.280941132953056449e+00
1.714121311979483753e-01
1.793602040930053210e-01
5.191774647770556195e-01
-8.697589166029112695e-02
1.088643631307204540e-01
-8.471886228426754872e-01
-1.534090875964180478e+00
1.398888115906492535e+00
1.834287384914083385e-01
1.015008290555201143e+00
3.808392138619040579e-01
-3.072854248741545002e-01
2.627268971968244049e-01
1.552693426887907568e+00
-9.103504160638704601e-01
2.610471945712809494e-01
1.119013697416325837e+00
-7.892832446361618404e-01
1.835954526924573615e-01
-1.629274710661512970e-02
1.579401369486004514e+00
2.609276486585890287e-01
3.509123997860188471e-01
2.117571285069440035e-01
7.093986148824157345e-01
7.849344454239282065e-01
8.545169560340031278e-01
1.487140581053477018e+00
3.650803671475266743e-02
5.349313943149094364e-01
1.086687506984441276e+00
2.030863433724454659e+00
-4.974742738757060440e-02
-4.180429806661778436e-01
-8.536845640872215979e-01
-2.651651790452843604e-01
-8.673807039952465825e-01
7.242154576506928954e-02
-5.719279735071864934e-01
2.058057134394724930e+00
1.167842749216689430e-01
-5.034101956900655095e-01
3.640232439562758882e-01
4.356995489539633448e-01
-3.301800942787742055e-01
4.095481646415677357e-01
6.159271859962608398e-01
1.044049708374278795e+00
3.379740650286335024e-02
6.468818340950454049e-01
-1.326087114575768000e-01
-2.782013256976836879e-02
1.012080983608479867e+00
-1.488008024675985808e-01
1.520295105505392944e-02
1.157596889837678500e+00
-1.465936103675591629e-01
4.601571120106868196e-01
-9.991454384037798953e-01
1.368619326472915732e-01
-3.207333543932411324e-01
2.131482094861623655e-01
-1.140871032426172271e-01
8.007535895770858669e-01
-6.269728173943356353e-01
1.262002194156565116e+00
-3.473534148966814228e-01
-1.361540477744133393e-01
-4.399319013770730535e-01
1.581216216008313413e+00
-2.143426042420666811e+00
-3.027739417931034072e-01
-1.964023332949863254e-01
1.040265374500328466e-01
-9.996923121864428330e-01
-7.781910098770425943e-01
9.199553182435716847e-01
3.011826192470078989e-01
1.913776719447523450e-02
1.149737815275804209e+00
1.788358799226640317e-01
-5.550595868109939879e-01
7.265422383986699373e-01
2.265243735267765235e+00
1.658677687784390620e-02
2.854999305094246265e-01
-7.003067169325895014e-01
4.364685910764656285e-01
2.319460517412886835e-01
7.919012757795831914e-02
1.300382684792384724e+00
3.190028594884833923e-01
-1.976515282135795637e-01
-2.427578510625474084e-01
5.621922331430030395e-01
-1.355981991688740562e+00
1.259837058900177831e-01
2.594100755996715524e-01
-6.215993396538458532e-02
1.722591506414367091e+00
5.509169118167284163e-01
1.143100944323788060e+00
-4.916042526828428016e-01
6.264070137730376464e-02
2.729028639140192447e-01
-6.785597017454848834e-02
1.849364491518234455e-01
1.922766489259406519e-01
2.036558967615673954e-01
2.202844511945209471e-01
-8.215733172270907325e-02
-1.822992616705614299e-01
4.144878181243280557e-02
1.724726646942435604e+00
1.952121275930173816e+00
1.604320450955755151e+00
-7.097392853867449947e-02
1.399722922632151700e+00
-5.636008155885247062e-03
1.475667163698620499e+00
-8.223522572091811478e-01
8.849744274458972715e-01
-1.002337092999626256e+00
-9.200900879098056206e-01
-8.046839744363856184e-01
1.149966055632897360e-01
3.066739785055710432e-01
7.344774263968626427e-01
-2.802463557938117411e-01
-7.701293353544144682e-02
1.398675753969086388e-02
1.121738792298272447e+00
1.473559733946348871e+00
1.342779569902630366e+00
5.399138682375921316e-01
-1.164797698548377003e+00
-7.767299146735381354e-01
-5.673595425094885014e-02
8.660995221980539727e-01
6.438900795485604789e-01
-3.345058855488946548e-01
9.337668912385543862e-01
-8.842222668525383522e-01
-9.181502546233535900e-02
2.537717590327134287e-01
9.188476910403357845e-02
-6.899093572462111634e-02
2.410613782789329251e-01
9.750001630489280036e-02
-1.290594217061268756e+00
-1.722901180812302369e-01
3.624390362879038596e-01
-4.410743190990430995e-01
2.751560249296464811e+00
-1.087562923421910632e+00
4.277155227758777101e-01
6.367846298554670215e-01
6.999210012668194425e-01
-1.250028824253969439e+00
-5.287087386554639723e-01
1.093378663347464919e+00
-1.073087026700956514e-01
4.224230604515336607e-01
6.223225461636141542e-01
2.175880810057488346e-01
-3.910773977680246372e-01
2.723363818898461020e-02
1.493792719065137442e+00
-6.719017190016409735e-01
-8.763944967455277180e-01
-1.053285391024894602e-01
2.433661524591348990e-01
-7.085443690569579456e-01
-2.802416683450910662e-01
1.425648968672122985e+00
1.220176651078604679e-01
5.098008149171947556e-01
-8.929076989247233254e-01
-3.435666514799616544e-02
5.640089562004835244e-01
-2.479254473246835233e-01
2.698803941306647247e-01
-2.551997260205833840e-01
4.072491954139709769e-01
4.136433521822144299e-01
-1.039875893121698924e+00
-9.348300384092220194e-02
1.074881353083431579e+00
-4.893193251453100134e-01
6.675869727617317340e-01
4.112063219341635101e-01
5.547970300823606982e-01
-6.061382259805396522e-02
-5.846277482977262074e-02
1.563125402629897298e+00
2.011844116393991244e-01
-2.433589730902298576e-01
-5.608685136032943996e-04
2.591623430207496553e-02
-3.408755191185879885e-01
-1.528942362136985755e-01
2.128645342318129935e-02
2.989302937162993112e-01
1.647075147144830276e-01
-1.566329376904158355e-01
1.731278305060942380e+00
3.810641875169917814e-02
1.422645946042782050e+00
-7.445811809172135920e-01
7.857444939291212682e-01
-1.018942142231108905e+00
1.654934412992150383e+00
2.041606268742264696e+00
