4.220720810417110669e-01
9.685298675969215010e-01
-8.301503280146329544e-01
-3.051052210612777982e-01
-3.217614694155797594e-01
-3.854287736431095679e-01
9.429939884653444349e-01
-4.928230064076251082e-01
1.373580898377281534e-01
1.313956803056803846e-01
-6.196475735027880960e-01
-7.034814736578418604e-01
9.843136013086082325e-01
-1.291727698869599428e-01
1.378397824775234870e+00
7.617095529092922090e-01
7.031368546481016057e-01
1.109872096514861406e+00
1.265324598482518326e+00
-1.193811206780830414e+00
-9.093890162223138285e-01
8.461283575627336351e-01
-8.478097174856588647e-02
-4.867491101123753161e-01
-4.418505643038760367e-01
6.016165075609126722e-01
-4.445428951448964217e-01
-1.165740611023340922e-01
7.493535419989967306e-01
-4.743785253890824838e-01
-3.895581348420816270e-01
4.821606089487915359e-01
-2.848437123451871833e-02
9.009908449948902387e-01
-4.607900694772289474e-01
3.170587498764994017e-01
-6.656131211113121282e-02
1.546677559016655379e-01
1.069404514039494547e+00
-3.010994192732042718e-01
7.721031752925653358e-01
-1.083276191003755828e+00
3.150535817134030858e-01
4.794167142989781971e-01
-1.639803432835041097e-01
2.018767267171961977e-01
6.536105670637790688e-01
1.901300511444551367e-01
6.292566059602326956e-01
-1.440197978983154270e-02
8.724591754186927783e-02
1.496462181699744765e-01
8.917300887433177170e-02
3.733306733783243736e-01
-1.800867122666334752e-01
-2.903698106803067058e-01
-4.625684926549171183e-01
-3.114028632677678932e-03
-5.605094548055598036e-01
-6.161682806636941123e-01
-2.638220024581933720e-01
1.049399985330169649e+00
1.799040478798449305e-01
8.641259287570762782e-02
4.509414888439698399e-01
1.258777814126623262e+00
3.467846489082149763e-01
7.280310749356644351e-01
-1.714103425774656242e-01
2.863730384854087929e-01
-4.625299990139398187e-01
2.059208543110756517e-01
1.240557576691617148e-02
3.396872702524419974e-01
5.029388077335630314e-01
5.667637757235645390e-02
2.370551677033883031e-01
1.534331679766265166e+00
8.309738563137818446e-01
-3.287724845977877952e-01
2.033659953863433401e-01
1.566482735493647804e-01
-1.019855635890028367e+00
3.020953688927662251e-01
-9.924752917333347080e-01
8.063554719173332552e-01
9.228020364703044542e-01
-3.371579129854447299e-01
-4.233499968739073971e-02
2.223280485666850603e-01
-7.572404351057470118e-01
1.633936259946739133e-01
2.832817059069772103e-01
-1.155764031190933960e-01
-1.104172754215237973e-01
1.871141651522052751e-01
-1.420308010958787615e-01
7.862454217364465980e-02
-3.382214714696821778e-01
7.295604492680418662e-01
1.077273883416703937e+00
-2.845874777767288255e-01
8.664635076575516459e-01
7.043851070177492568e-02
1.178882141724740151e+00
4.435955868570526373e-03
-5.125192386758130603e-01
1.051616923479561233e-02
-4.183336426914802120e-02
-2.243048731611230195e-02
-5.933051194018229557e-02
1.540095367574211505e+00
6.462163584883440226e-01
-5.888996197951203992e-01
-4.449265696985189034e-01
2.103323499722547507e-01
4.054126739218741893e-01
-8.779860544409516798e-01
3.515162212673904607e-01
7.848878745940026658e-01
-9.096817966331838257e-02
4.584583204881960139e-01
4.406052107485364244e-02
7.144676165903212084e-01
-1.191618193959366884e-01
1.206504357772248959e+00
3.431745663083872189e-01
-4.288088613494424606e-01
2.601834588502710544e-01
-7.274430350142649382e-03
-3.816408364679280130e-01
-1.112613346066605446e-01
-1.858379947224015061e-01
9.384370928903901232e-02
-5.204558103022697280e-01
3.592573563007417925e-01
1.104153027493234074e+00
3.507598431925745275e-01
8.140032711496442142e-01
-2.074918949413776526e-01
3.585053546869331753e-01
1.352694233518942024e+00
1.018708853428516303e-01
1.773205770765522993e-01
9.383558915336666084e-01
-4.999930809203501081e-01
4.518179731085920081e-01
-6.160875781252761474e-02
-7.600536182269961305e-01
2.504252270682748582e-01
5.452953417257944135e-01
-7.154930328027789277e-02
-1.041102323545711084e+00
-7.208547644076228333e-02
-4.234449131167132840e-01
2.690224298477196241e-01
-2.641394002596076929e-01
1.000007931970416042e+00
-3.368075310305450598e-01
3.674160395458673234e-01
9.483040442883692300e-01
4.609039826772656223e-01
1.880203008151861144e-01
-2.471491891827578835e-01
3.779338076247616973e-01
-1.431141165755009936e-01
-1.615898543983406710e-01
1.034100395048762833e+00
2.156790263995996826e-01
1.654735658097056528e-01
1.021219705941870531e-01
-1.901342221289879841e+00
1.151955645079871138e+00
8.943014362782368831e-01
1.517433384138839880e+00
1.334991849795985397e+00
4.298575796704053320e-01
1.375379123983763718e-01
1.099556408607858193e+00
-8.387884733664255910e-01
9.629291127659175831e-02
-6.257889956843509793e-01
-4.735280267352874606e-02
5.231881060484422363e-02
4.069366893595226520e-01
-1.324180765468574994e-01
1.000735917681098375e+00
-1.592243641630775308e-01
-2.962172019149578728e-01
3.257135942508537774e-01
7.227513898894810662e-03
4.078708014798227977e-01
5.562119453027076776e-01
3.496739290751517126e-01
-2.646340446577487571e-01
-6.514387858913187612e-01
1.292821710745117203e+00
-8.267992722913942716e-01
4.810829508910313135e-01
-8.968353877424961595e-02
4.662614440550522099e-03
4.789351048424208557e-01
3.660507449103506117e-01
-1.557534421359220156e-01
-5.565669957946967061e-01
1.319774151875320045e-01
-1.664244733832711265e-01
-2.915308506490670859e-01
-8.156377426366513417e-01
-2.189588758413571756e-01
-2.716554798565456452e-01
4.072064416943815823e-01
3.064655837559273066e-01
6.738391206152191115e-01
1.038089265308323794e+00
2.159434305008143262e-01
-4.443148096150783544e-01
-6.558714758424631919e-01
-9.813974766217284929e-01
-5.953542353590876024e-01
1.893754333852730176e-01
-1.299682679395312457e+00
2.183841475866232229e-01
-1.495662510771592624e-01
-4.677533169592285045e-02
9.367536058783871855e-01
-2.872727724721190201e-01
9.817887748826202854e-01
-2.877569757305601383e-01
9.984687010974202526e-02
-4.979377280255967153e-01
2.188368928493724663e-01
-1.285625212128715722e+00
5.447184352259961670e-01
9.406427091573327237e-01
6.435277390417745158e-01
-6.964495283455800489e-01
2.533101218992535597e-01
-9.598767125842146974e-01
5.667356284416609213e-01
7.584925636372907842e-01
-5.346037670095180605e-01
1.333748088477326732e-01
-2.700522089280146809e-01
-3.039348871481710179e-01
1.580108561487996166e-01
-2.692709556891446088e-01
3.902220972896738305e-01
6.257829810912194368e-01
-2.178434366574176217e-01
-8.394317127270234380e-03
-6.384360986618833333e-01
2.034024977967527903e-01
-8.363145862813547993e-01
7.533221803239501524e-01
-8.613935082996100334e-01
-9.041168410393313204e-02
5.353400628833635544e-01
-2.484150050317725511e-01
-1.853282264406630186e-01
-4.865267428808894845e-01
-2.797089521768375553e-01
8.792479984103986901e-01
1.148421892157256652e+00
-4.288845486638666604e-01
1.082957565817106893e+00
1.770569551544420514e-02
1.400127553540035374e-01
1.138856440041061902e+00
4.945995863702598028e-01
-2.623591897076865687e-01
8.312285631500633265e-01
9.413411078361855200e-01
2.471767839689549828e-01
1.301564674575549585e+00
8.067416516949872385e-01
1.254503226724906773e-02
-8.140877598454121511e-01
-3.675583112712754175e-01
-5.844541234954500619e-02
1.714759381096134516e-01
3.757405851009033015e-01
-1.750588891431046623e-01
-3.494823116564643173e-01
-5.680700238201029650e-01
2.377715707031017589e-01
-7.724272223610584298e-01
-1.691064754220884536e-01
-2.150541887078742387e-01
-5.233468858682697178e-01
-4.282532862207379387e-01
4.534912320144141029e-01
-2.159864299245835007e-01
-1.031076026437221654e-01
2.114653718147235795e-02
-3.234627533101904207e-01
-3.818084146363370790e-01
-4.367813443934643464e-02
1.020272473704881833e+00
3.813814051814208295e-01
9.338860369977743936e-01
2.743879883824497101e-01
3.005153798788221531e-01
-3.807936134394593330e-01
-2.063601781633480348e-01
8.065015286387774429e-01
6.444630552000002455e-01
-5.443380596122302517e-01
-5.453237832262407547e-01
-1.057958150523081176e-01
-8.495416546986063189e-01
1.370816590479567720e-01
-4.617389456121430147e-01
-1.248026513746734789e+00
8.614370919308942387e-01
-3.948928311531956781e-01
6.568984421897574588e-01
8.770809233648636516e-01
4.204659724110885177e-01
8.757301844554450376e-01
8.956699463588946308e-01
-1.255127083419856904e-01
-3.633281635355783967e-02
6.821687525646384920e-01
1.471758014461869990e-01
6.690483353024898605e-01
-1.881592758593613468e-01
-3.680449852730742766e-01
1.622794463226749917e-01
3.461999448604431429e-01
-4.545003500915606454e-01
-1.402117666200385915e-01
4.728983040680886374e-01
6.755313145011379028e-01
8.379757013027333556e-01
6.509098328388890353e-01
4.913817907022755005e-01
-6.516899665210511561e-01
5.746479510120237055e-01
-3.995918034737880875e-01
-5.310814409068298492e-01
-1.037779348306236527e+00
-5.460771621829718647e-01
6.313870874744232919e-01
1.792034045873157344e-01
-1.212266812234436886e+00
-9.718277316618209039e-01
8.354165093904871719e-01
-4.007445955732139020e-02
-3.755723097379293773e-01
2.989628589364874967e-01
-8.462997524577753339e-01
4.180502758542797848e-01
-8.189084315594113983e-01
-3.271664578994976091e-02
4.614284793657280614e-02
6.311627319174746287e-01
1.902286537494182750e-01
-2.543933393413012056e-01
-9.707516168781521460e-02
