-5.909120827298233181e-01
-6.851154921390497643e-01
-3.335412067347701681e-01
5.467893553281954339e-02
-4.890970906382119399e-02
8.030920890211602770e-02
3.542219665775583892e-02
-3.315499991665644686e-01
6.417498254282656411e-01
-2.984881373059782295e-01
-3.567796959894731224e-02
1.385658418934328839e+00
2.950558616313575522e-01
-8.001434944296527130e-01
7.397894345243581915e-01
1.244985932180559640e+00
-5.009619124640278809e-01
9.404065911669694522e-01
3.854189512303863863e-01
5.429898942457468403e-01
-3.053208372829324113e-01
-4.742744362402966096e-02
-2.700267229905916611e-01
8.918716312394059376e-02
2.962190986118219405e-01
3.399463569806888130e-01
-6.353398243947279145e-01
1.213714646350047000e+00
-1.974859918029711059e-01
-4.628896913185944206e-01
-3.158106797380041408e-01
-1.304532800090956401e+00
2.014567077219144853e-01
1.013316883971680404e+00
-6.008393780509391213e-01
1.287416278746547516e+00
7.189148003691918642e-01
-4.569554060498147718e-01
-3.510114549026148723e-01
-5.234962923771826482e-01
-5.991451496566875257e-01
-6.661233876241496876e-01
1.968803003300640952e-01
1.706649898409043631e-01
-3.840096870770924320e-01
9.348373982963880113e-01
9.276133867927587040e-02
8.599500444817361755e-01
9.943838437313854417e-01
2.375574767262364495e-01
-9.682630570112469304e-01
-2.081061925315263184e-01
3.527420613857720211e-01
5.606475761565491434e-01
-1.084368878824807647e-01
7.407753509047649843e-01
1.013761700091161122e-01
1.065333344140060312e-01
-9.996553222250765813e-01
4.540464392671882954e-01
1.949269044519059690e-01
-5.095884342364648267e-01
2.716752507185120624e-01
2.251159230993569349e-01
-7.317543080403776656e-02
-4.031435782070248441e-01
-8.498817786433850163e-02
-6.614466811845887140e-02
-5.211531146160325312e-01
7.052278883997709080e-02
2.326044266873719402e-01
2.389299721099451268e-01
-4.091491979059969086e-01
1.160697113451228252e-01
-6.468965391362394013e-02
1.307097698287575105e-01
-1.349824855224013298e-01
-1.567601847746229182e-01
-2.584209160371951919e-01
-2.205219331476119260e-01
5.421842512298304939e-01
-3.999749959852937353e-01
-6.410260053400198554e-01
5.321122930265818063e-01
4.666398152148926726e-01
-1.079024264065582550e-01
6.649075589369830563e-01
3.947147819635182242e-01
-5.261275309735562455e-01
-2.677278311465446370e-01
