-8.015532151971764552e-02
-3.691601352633128857e-02
-5.102682948298878363e-02
-2.433794033138210813e-02
1.212436276446439698e-01
1.038428184736599896e-02
2.207932728769664565e-01
5.704307526025964581e-03
-6.433171030554639402e-02
2.808917621984024018e-02
6.235528927024827084e-01
3.588998778266051098e-02
6.098292983201942796e-01
-2.356594892073921726e-02
5.048077113307983810e-01
6.550514040292164386e-02
5.606970441719988374e-01
-5.985850632489459269e-03
9.731651686619280373e-02
4.222259111781429680e-02
1.393522177000976192e-01
3.778417261595869159e-03
3.965435473779115733e-02
-7.648101393123726832e-02
-1.927917232719296436e-01
-8.680931050510404257e-02
7.501608299777995370e-02
7.182250943546689831e-03
-3.928020431948436170e-02
-1.643598649563381697e-01
-5.107889060626639305e-02
8.691797453153340958e-02
1.511227599075571151e-02
7.539476738602658018e-03
-6.884332508735796496e-02
-1.582764449979174454e-02
2.307143237027431751e-03
-3.051667933733917190e-02
1.972195754449499461e-01
-4.544727824936529992e-02
-1.924712638961039168e-01
-6.156927226120614133e-02
-3.584741735144478941e-02
-1.394114333520310445e-02
6.808902484492997120e-02
-1.718077359589093717e-02
9.538047983783726202e-02
-3.218288004693585502e-03
-1.664007635725677642e-02
9.679146360565735185e-02
-1.177481003750558419e-01
5.611513800105957100e-02
5.626153640731014483e-02
-1.260290988879855800e-01
5.224464243729969315e-01
1.670842208890840896e-02
-1.564334537727061353e-04
2.636353360162022041e-02
-3.238649385089258786e-03
-4.282792963102134698e-02
-2.525626309769749001e-01
2.389781549891925594e-02
1.844421660910878225e-01
-4.484098949308000515e-02
3.045402730433251215e-02
5.036431728972288191e-01
-1.259301348709381263e-01
4.259895248671079909e-02
-1.108109512380191786e-01
5.119248717135111981e-01
6.070258868109235095e-02
1.167276331895317487e-01
1.094443543666304142e-02
-4.693499272601167616e-02
-4.033563950819723382e-02
2.086417891625386156e-02
1.708889356888230182e-01
4.686695726956266461e-02
-9.835600986645565147e-02
-1.135721266391981205e-01
1.669632215629583416e-01
2.928540848427648932e-02
-6.583254807140961895e-02
2.976395257238453190e-02
-3.124768507646422111e-02
-8.707866675832821868e-03
-5.125428350044718140e-02
4.141421113891947253e-02
5.532718198526538622e-02
-1.304242162752128620e-01
5.845009218533153000e-02
-9.816639243785563185e-02
4.163301822334081193e-02
2.458349493935664196e-02
6.074157031296788245e-02
3.042330806802102244e-02
1.346066194510372460e-01
-6.345999675075468527e-02
-6.042848148325696833e-01
5.500880305494111611e-02
1.167313216890765101e-02
5.189264644483415623e-01
6.524927596202384494e-02
-1.509898488648047515e-02
-9.034093912638602175e-02
5.760600818378591725e-01
4.638775327123172143e-02
-1.825356896896914577e-02
5.510508215229478757e-02
-7.012323776310898371e-02
1.693397525662718520e-02
-5.317217260187914740e-02
7.538876154648894989e-02
1.203402881763439847e-01
1.704790570292086249e-02
1.141903195288248574e-01
4.599193609025085949e-02
1.405149987623232483e-02
-5.162168234084141272e-02
2.594494974465441639e-02
6.775498220618212525e-03
-5.552263341813927500e-02
-8.810684497644188928e-03
-1.492051559633509883e-01
2.810835221110485199e-02
5.474501545026051047e-02
1.532451870990237941e-01
-8.694792556944247464e-02
5.464984234040405620e-02
1.070784921505210652e-03
-3.295861867624469421e-02
-4.357737227063299829e-02
6.719354095803302396e-02
-4.646400486320068079e-02
-1.353103242760800573e-01
-2.820323616922929336e-02
1.239307347796458209e-01
9.542991721664727256e-02
1.093092028461931653e-01
-2.554347087054351095e-02
-7.580013239541293080e-03
1.777767493677780419e-01
4.115460197375766377e-02
6.015656173012848273e-03
-1.105341058637716867e-01
1.037469700570716781e-02
-6.021291958846712589e-02
2.897931089244724923e-02
-2.727166215076547162e-02
-4.935192424846251980e-02
1.435934224090728573e-01
9.717590763126722486e-02
-5.880330765922407027e-02
-1.043851532744962535e-01
1.076778418471549953e-01
-6.301541983791730805e-02
-1.671044038760201300e-01
6.358035516037692514e-02
6.957715066800396198e-02
3.725816911286141536e-02
5.479648729107892968e-02
3.973379204061373154e-02
-7.918968909361870367e-02
4.277320510739782838e-02
-7.419726743737024843e-02
5.535877849859223432e-02
-8.601349177524517109e-03
9.426768456286008235e-02
2.954390727046509596e-02
-3.937491174168347707e-03
-6.212233032578178687e-02
6.901007584605921286e-02
-3.452314000724682891e-02
9.220510217342046955e-02
-1.082836462247951659e-01
1.830385705952994671e-02
1.220327985130099241e-03
-1.187709914846474119e-01
-8.160036212136310974e-03
4.670932111347987636e-02
