3.036997343821353224e-01
5.070754490202874498e-01
-1.986713612582798050e-01
3.865988154562356449e-01
-9.938739851656238633e-01
3.219987947869195066e-01
-1.746108824746223920e-01
7.256790674353350568e-01
1.858149493358030313e-01
-5.289241532078706731e-01
-4.909984244207935555e-01
2.486846485376365545e-01
1.417296682117666351e-01
6.233960771356581443e-01
7.056659676294445571e-01
3.578096703746657670e-01
-4.920312780164865507e-01
-1.190855379157401694e-02
4.928073027707247089e-01
8.737053861166838020e-02
-1.795989514722023117e-01
1.917251293028118531e-01
-7.709858361306176633e-02
-1.958768770289549266e-01
-5.747828371472594178e-01
-2.332464409874187572e-01
-6.047135582935498910e-01
-9.628920111724276198e-02
2.237215458920587818e-01
-2.162498059325231592e-01
4.305828669410128318e-01
6.410399053360573696e-01
5.812453427531520944e-01
5.843808666772054572e-01
5.636363802021691072e-01
-2.560226541585497451e-01
-1.966136606754255722e-01
-1.030173197266806284e-01
-1.570258240361347979e-01
2.117183912367537335e-01
2.019331326232529644e-01
9.045966286005949208e-02
4.284100028367735513e-01
6.442435103000303531e-01
1.893535226348092571e-01
-2.740705203142543289e-02
-9.115128164572994240e-03
5.121963849605813968e-01
3.266103333561121147e-01
-4.162349078131789143e-02
-9.039928712132325184e-02
-2.477657516372656910e-02
4.698678346238321923e-01
3.194274180611905156e-01
-4.733908508670003901e-03
5.662767158949977286e-02
1.833182709592504622e-01
-1.713835469199466999e-01
5.947403037868845832e-01
-3.954016055117803297e-01
-2.169947375307791915e-01
4.281108959960866489e-03
7.737753087701799704e-01
-3.415336962614429206e-02
5.379036447591785119e-01
3.458979645995094443e-01
-8.257286575847414545e-01
-2.563017700680554900e-01
2.570277062553418257e-01
6.269360104240614406e-01
3.691047647598373893e-01
4.490321005890166028e-01
-6.039315385917501944e-01
-2.477346340150822501e-01
7.654147311926673414e-02
-5.266733210352964045e-01
3.131759536839167080e-01
6.071883450411661443e-01
-8.051393816622860466e-01
-2.218432361940491093e-01
-2.321617811517614205e-01
-4.259689548523248881e-01
1.047786734506507833e-01
8.562277830561071390e-01
-1.083643680510131269e-01
3.733807161279342757e-01
-4.542932768452500603e-01
-1.041311997636819864e-01
-1.955692343781508802e-01
2.143355471045316762e-01
-3.336002038990421581e-01
2.941767645581037094e-01
-9.765992805707623958e-01
-4.435064498432856883e-01
-3.223754926603203952e-01
-9.033853385438175287e-01
-5.138974710594861328e-01
-9.867349781972103440e-01
-1.069179545678939025e+00
4.169042093597794540e-01
8.048749407582046766e-02
-6.337694520768520634e-02
3.819378494079972430e-02
-3.166592380525670158e-01
1.821516605008439427e-01
8.517315102362013612e-02
1.978753577909266870e-01
-2.548561893742681828e-01
1.431947765784296334e-01
4.453646724035318361e-01
-1.204167006404178064e+00
-1.226327204733796278e-01
3.750774872832128293e-01
9.816691552578140634e-01
1.499231219689132200e-01
1.176236906166874124e-01
-3.936393246562403525e-01
4.613519574519537869e-01
-4.314064575349257913e-02
3.160713793370125146e-01
-1.700732934173565525e-01
1.045836772266858228e-01
-2.878166065473493074e-01
-3.142419662561062310e-01
4.374472563543519987e-01
2.712589908184033505e-02
-1.952093201237834197e-01
-2.180624563292892504e-01
-5.343169350260932315e-01
-4.040281748612410406e-01
-4.404330422801700506e-01
-2.414539184868953470e-01
-3.537300474366411596e-01
-5.467800244597598169e-01
6.443727372126117903e-03
-9.496261509719183813e-02
-1.660591971925187593e+00
-1.192723020291746594e-01
-2.488186896822204286e-01
-2.477438883001795433e-01
1.909653353864724790e-01
-5.759592504303595595e-01
-3.553337458795777226e-01
5.489961956281910194e-01
-2.233868952787533557e-01
9.687328107836432611e-01
-2.733272333812829524e-01
-1.898485221588328831e-01
-1.776945679028248959e-01
1.592504469883096463e-02
4.226712880932810279e-01
-3.271518610755876355e-01
1.816473505352655948e-01
-4.637499931549979304e-01
-3.351948672286224062e-01
1.096017399238904122e-01
4.424710597205241402e-01
-2.329207472466951201e-01
4.945672659827721196e-01
3.247987767163400541e-01
4.312475702199064509e-01
5.592511977552566682e-02
-6.634444223191736656e-01
-9.604196443413102191e-01
-2.953581182102192337e-01
-4.893295837694812689e-01
-5.403486058113859958e-02
-4.914810247081972117e-01
-6.818172002792479702e-01
-4.948280332837532436e-01
-7.376834821705164913e-01
1.178666383967523074e-01
4.030116997602589679e-02
8.825396023440451598e-02
-1.694096645678009883e-01
-1.018843042763483975e-01
-3.357450631985164913e-01
4.760981814208506413e-02
-8.489494646160333780e-02
9.206190025245811759e-01
